STATIONS_ID;MESS_DATUM_BEGINN;MESS_DATUM_ENDE;QN_4;MO_N;MO_TT;MO_TX;MO_TN;MO_FK;MX_TX;MX_FX;MX_TN;MO_SD_S;QN_6;MO_RR;MX_RS;eor
       2961;19980201;19980228;    1;  -999;   -999;    -999;    -999;-999;-999;-999;-999;  46.30;-999;-999;-999;eor
       2961;19980601;19980630;    1;  -999;   -999;    -999;    -999;-999;-999;-999;-999; 179.20;-999;-999;-999;eor
       2961;19980701;19980731;    1;  -999;   -999;    -999;    -999;-999;-999;-999;-999; 178.10;-999;-999;-999;eor
       2961;19980801;19980831;    1;  -999;   -999;    -999;    -999;-999;-999;-999;-999; 194.80;-999;-999;-999;eor
       2961;19990101;19990131;    1;  -999;   -999;    -999;    -999;-999;-999;-999;-999;  42.50;-999;-999;-999;eor
       2961;19990201;19990228;    1;  -999;   1.75;    -999;    -999;    4.77;-999;-999;-999;  62.40;-999;-999;-999;eor
       2961;19990401;19990430;    1;  -999;   -999;    -999;    -999;-999;-999;-999;-999; 196.40;-999;-999;-999;eor
       2961;19990501;19990531;    1;  -999;   -999;    -999;    -999;-999;-999;  22.0;-999; 272.50;-999;-999;-999;eor
       2961;19990601;19990630;    1;  -999;  14.24;   17.13;   11.67;    3.85;  22.8;  19.0;   8.3; 234.60;-999;-999;-999;eor
       2961;19990701;19990731;    1;  -999;   -999;   20.77;   15.41;-999;  29.3;  24.0;  12.1; 263.20;-999;-999;-999;eor
       2961;19990801;19990831;    1;  -999;   -999;   19.77;   14.95;-999;  24.2;-999;  11.1; 223.10;-999;-999;-999;eor
       2961;19990901;19990930;    1;  -999;   -999;    -999;    -999;-999;-999;-999;-999; 205.70;-999;-999;-999;eor
       2961;19991101;19991130;    1;  -999;   -999;    -999;    -999;-999;-999;  32.0;-999;  57.10;-999;-999;-999;eor
       2961;19991201;19991231;    1;  -999;   -999;    -999;    -999;-999;-999;-999;-999;  56.00;-999;-999;-999;eor
       2961;20000101;20000131;    1;  -999;   -999;    5.09;    1.47;-999;   9.0;-999;  -3.6;  60.20;-999;-999;-999;eor
       2961;20000501;20000531;    1;  -999;   -999;    -999;    -999;-999;-999;-999;-999; 308.60;-999;-999;-999;eor
       2961;20000601;20000630;    1;  -999;   -999;    -999;    -999;-999;-999;-999;-999; 212.50;-999;-999;-999;eor
       2961;20000801;20000831;    1;  -999;   -999;    -999;    -999;-999;-999;-999;-999; 210.90;-999;-999;-999;eor
       2961;20000901;20000930;    1;  -999;   -999;    -999;    -999;-999;-999;  23.0;-999; 129.70;-999;-999;-999;eor
       2961;20001001;20001031;    1;  -999;   -999;    -999;    -999;-999;-999;-999;-999;  87.00;-999;-999;-999;eor
       2961;20001101;20001130;    1;  -999;   -999;    9.25;    5.89;-999;  12.8;-999;   3.2;  57.30;-999;-999;-999;eor
       2961;20001201;20001231;    1;  -999;   -999;    -999;    -999;-999;-999;-999;-999;  41.40;-999;-999;-999;eor
       2961;20010101;20010131;    1;  -999;   -999;    -999;    -999;-999;-999;-999;-999;  40.20;-999;-999;-999;eor
       2961;20010501;20010531;    1;  -999;   -999;    -999;    -999;-999;-999;-999;-999;-999;-999;-999;-999;eor
       2961;20010601;20010630;    1;  -999;  13.32;    -999;    -999;-999;-999;-999;-999;-999;-999;-999;-999;eor
       2961;20010701;20010731;    1;  -999;  17.82;   20.31;   15.72;    3.84;  27.0;  29.3;  12.3; 250.70;-999;-999;-999;eor
       2961;20010801;20010831;    1;  -999;  17.87;    -999;    -999;-999;-999;-999;-999;-999;-999;-999;-999;eor
       2961;20010901;20010930;    1;  -999;  13.19;   15.07;   11.58;    4.27;  19.2;  22.4;   9.7;  94.90;-999;-999;-999;eor
       2961;20011001;20011031;    1;  -999;  13.23;    -999;    -999;-999;-999;-999;-999;-999;-999;-999;-999;eor
       2961;20011101;20011130;    1;  -999;   6.65;    8.26;    4.82;-999;  12.5;  25.5;   1.0;  75.60;-999;-999;-999;eor
       2961;20011201;20011231;    1;  -999;   1.80;    3.75;    0.06;-999;   8.4;  28.0;  -5.2;  37.90;-999;-999;-999;eor
       2961;20020101;20020131;    1;  -999;   3.36;    -999;    -999;    5.19;-999;-999;-999;-999;-999;-999;-999;eor
       2961;20020201;20020228;    1;  -999;   5.38;    -999;    -999;-999;-999;-999;-999;-999;-999;-999;-999;eor
       2961;20020301;20020331;    1;  -999;   5.14;    7.42;    3.24;    4.52;  15.2;  25.7;  -0.5; 144.00;-999;-999;-999;eor
       2961;20020401;20020430;    1;  -999;   7.22;    -999;    -999;-999;-999;-999;-999;-999;-999;-999;-999;eor
       2961;20020501;20020531;    1;  -999;  12.24;   14.58;   10.33;-999;  23.7;  21.5;   6.9; 199.90;-999;-999;-999;eor
       2961;20020601;20020630;    1;  -999;  15.72;   18.10;   13.26;    4.77;  30.5;  29.6;   9.6; 243.80;-999;-999;-999;eor
       2961;20020701;20020731;    1;  -999;  17.07;    -999;    -999;-999;-999;-999;-999;-999;-999;-999;-999;eor
       2961;20020801;20020831;    1;  -999;  19.68;   21.95;   17.98;    3.94;  27.3;  18.8;  16.4; 239.70;-999;-999;-999;eor
       2961;20020901;20020930;    1;  -999;  16.16;   18.21;   14.55;    4.13;  22.8;  25.0;   9.9; 201.70;-999;-999;-999;eor
       2961;20021001;20021031;    1;  -999;   8.86;   10.67;    7.12;-999;  19.4;  35.1;   2.5;  37.30;-999;-999;-999;eor
       2961;20021201;20021231;    1;  -999;   1.10;    -999;    -999;-999;-999;-999;-999;-999;-999;-999;-999;eor
       2961;20030101;20030131;    1;  -999;   1.23;    -999;    -999;-999;-999;-999;-999;-999;-999;-999;-999;eor
       2961;20030201;20030228;    1;  -999;  -0.78;    0.72;   -2.14;-999;   5.2;  18.9;  -5.9; 102.30;-999;-999;-999;eor
       2961;20030301;20030331;    1;  -999;   4.26;    -999;    -999;-999;-999;-999;-999;-999;-999;-999;-999;eor
       2961;20030401;20030430;    1;  -999;   6.70;    -999;    -999;-999;-999;-999;-999;-999;-999;-999;-999;eor
       2961;20030501;20030531;    1;  -999;  12.50;   15.39;    9.95;    3.81;  22.8;  24.8;   5.9; 263.60;-999;-999;-999;eor
       2961;20030601;20030630;    1;  -999;  16.37;   19.21;   14.02;    4.20;  25.7;  27.4;  11.4; 285.30;-999;-999;-999;eor
       2961;20030701;20030731;    1;  -999;  18.53;   21.66;   16.36;    3.87;  26.9;  22.2;  13.6; 281.30;-999;-999;-999;eor
       2961;20030901;20030930;    1;  -999;  15.46;   18.34;   13.10;-999;  26.5;  22.3;   8.7; 252.90;-999;-999;-999;eor
       2961;20031001;20031031;    1;  -999;   8.32;    -999;    -999;-999;-999;-999;-999;-999;-999;-999;-999;eor
       2961;20031101;20031130;    1;  -999;   7.60;    9.25;    5.92;-999;  12.5;  21.9;   1.0;  84.00;-999;-999;-999;eor
       2961;20031201;20031231;    1;  -999;   4.80;    -999;    -999;-999;-999;-999;-999;-999;-999;-999;-999;eor
       2961;20040101;20040131;    1;  -999;   1.14;    -999;    -999;-999;-999;-999;-999;-999;-999;-999;-999;eor
       2961;20040201;20040229;    1;  -999;   3.50;    -999;    -999;-999;-999;-999;-999;-999;-999;-999;-999;eor
       2961;20040301;20040331;    1;  -999;   4.59;    6.62;    2.69;-999;  16.4;  39.3;  -2.0; 159.70;-999;-999;-999;eor
       2961;20040601;20040630;    1;  -999;  14.44;    -999;    -999;-999;-999;-999;-999;-999;-999;-999;-999;eor
       2961;20040701;20040731;    1;  -999;  16.07;    -999;    -999;-999;-999;-999;-999;-999;-999;-999;-999;eor
       2961;20040801;20040831;    1;  -999;  18.55;   20.97;   16.75;    4.29;  27.1;  26.2;  12.7;-999;-999;-999;-999;eor
       2961;20040901;20040930;    1;  -999;  15.52;   17.75;   13.39;-999;  24.2;  27.5;  10.3;-999;-999;-999;-999;eor
       2961;20041001;20041031;    1;  -999;  11.64;   13.26;   10.11;    4.81;  17.9;  28.1;   5.0;-999;-999;-999;-999;eor
       2961;20041101;20041130;    1;  -999;   6.99;    8.58;    5.17;    4.63;  12.0;  32.4;   1.2;  74.90;-999;-999;-999;eor
       2961;20041201;20041231;    1;  -999;   4.61;    6.39;    2.72;    4.81;  10.0;  24.7;  -1.8;  51.90;-999;-999;-999;eor
       2961;20050101;20050131;    3;  -999;   4.90;    6.52;    2.96;    5.74;  13.5;  42.9;  -1.2;  68.70;-999;-999;-999;eor
       2961;20050201;20050228;    3;  -999;   1.52;    3.13;   -0.11;    5.07;   7.9;  33.5;  -4.0;  89.70;-999;-999;-999;eor
       2961;20050301;20050331;    3;  -999;   2.89;    -999;    -999;-999;-999;-999;-999;-999;-999;-999;-999;eor
       2961;20050401;20050430;    3;  -999;   8.26;    -999;    -999;-999;-999;-999;-999;-999;-999;-999;-999;eor
       2961;20050501;20050531;    3;  -999;  12.08;   15.38;    9.13;    4.13;  31.6;  19.1;   4.9; 239.50;-999;-999;-999;eor
       2961;20050601;20050630;    3;  -999;  15.23;    -999;    -999;    4.23;-999;-999;-999;-999;-999;-999;-999;eor
       2961;20050701;20050731;    3;  -999;  18.32;   21.00;   16.01;    3.71;  27.1;  24.3;  13.7; 191.10;-999;-999;-999;eor
       2961;20050801;20050831;    3;  -999;  16.44;    -999;    -999;-999;-999;-999;-999;-999;-999;-999;-999;eor
       2961;20050901;20050930;    3;  -999;  16.22;   18.75;   14.14;    3.97;  25.6;  19.8;  10.2; 212.90;-999;-999;-999;eor
       2961;20051001;20051031;    3;  -999;  13.46;   15.62;   11.38;    4.39;  19.2;  28.0;   8.4; 139.60;-999;-999;-999;eor
       2961;20051101;20051130;    3;  -999;   7.63;    9.13;    5.81;    4.77;  17.5;  24.0;  -1.6;  73.10;-999;-999;-999;eor
       2961;20051201;20051231;    3;  -999;   4.04;    5.54;    2.41;    5.00;   9.6;  24.8;  -4.0;  66.80;-999;-999;-999;eor
       2961;20060101;20060131;    3;  -999;   0.16;    -999;    -999;    4.42;-999;-999;-999;-999;-999;-999;-999;eor
       2961;20060201;20060228;    3;  -999;   1.74;    3.25;    0.46;    4.07;   6.8;  20.5;  -3.2;  59.40;-999;-999;-999;eor
       2961;20060401;20060430;    3;  -999;   6.90;    9.63;    4.85;    4.27;  16.0;  22.9;   1.2; 151.70;-999;-999;-999;eor
       2961;20060501;20060531;    3;  -999;  11.73;   14.77;    9.30;    4.58;  24.7;  23.6;   5.2; 262.20;-999;-999;-999;eor
       2961;20060601;20060630;    3;  -999;  16.09;   19.04;   13.57;    3.67;  28.1;  22.0;   8.0; 285.80;-999;-999;-999;eor
       2961;20060701;20060731;    3;  -999;  21.23;   24.27;   18.81;    3.42;  29.6;  26.6;  15.3; 362.20;-999;-999;-999;eor
       2961;20060801;20060831;    3;  -999;  18.04;   20.44;   15.77;    4.06;  25.3;  26.0;  13.1; 212.00;-999;-999;-999;eor
       2961;20060901;20060930;    3;  -999;  17.76;   20.21;   15.82;    4.53;  25.4;  22.5;  13.4; 224.30;-999;-999;-999;eor
       2961;20061001;20061031;    3;  -999;  13.95;   15.90;   12.15;    4.68;  19.5;  28.1;   8.3;  99.80;-999;-999;-999;eor
       2961;20061101;20061130;    3;  -999;   9.28;   11.21;    7.38;    5.23;  17.3;  27.5;   2.9;  43.40;-999;-999;-999;eor
       2961;20070101;20070131;    3;  -999;   6.54;    8.55;    4.53;    6.29;  13.1;  38.6;  -2.8;  23.00;-999;-999;-999;eor
       2961;20070201;20070228;    3;  -999;   4.01;    5.66;    2.37;    4.89;   9.6;  21.1;  -2.7;  31.40;-999;-999;-999;eor
       2961;20070301;20070331;    3;  -999;   6.80;    9.04;    4.75;    5.16;  16.2;  29.5;   1.1; 193.70;-999;-999;-999;eor
       2961;20070401;20070430;    3;  -999;   9.89;   12.78;    7.56;    4.33;  20.4;  22.3;   4.3; 263.60;-999;-999;-999;eor
       2961;20070501;20070531;    3;  -999;  12.70;   15.62;   10.21;    3.97;  20.2;  23.6;   6.6; 239.20;-999;-999;-999;eor
       2961;20070601;20070630;    3;  -999;  16.38;   18.59;   14.36;    3.97;  24.6;  29.6;  11.4; 205.00;-999;-999;-999;eor
       2961;20070701;20070731;    3;  -999;  16.79;   19.42;   14.50;-999;  27.5;  22.3;  11.8; 204.70;-999;-999;-999;eor
       2961;20070801;20070831;    3;  -999;  17.68;   20.17;   15.46;-999;  24.4;  21.3;   9.4; 191.50;-999;-999;-999;eor
       2961;20070901;20070930;    3;  -999;  14.00;   16.39;   11.89;    5.10;  21.9;  26.0;   8.0; 152.90;-999;-999;-999;eor
       2961;20071001;20071031;    3;  -999;  10.35;   12.18;    8.51;    4.03;  15.8;  22.1;   4.0; 119.50;-999;-999;-999;eor
       2961;20071101;20071130;    3;  -999;   6.19;    7.81;    4.51;    5.10;  13.4;  30.2;   1.6;  88.00;-999;-999;-999;eor
       2961;20071201;20071231;    3;  -999;   4.17;    5.75;    2.55;    4.42;  11.7;  31.5;  -5.1;  22.90;-999;-999;-999;eor
       2961;20080101;20080131;    3;  -999;   4.80;    6.53;    2.78;    5.71;  11.1;  31.9;  -4.4;  28.40;-999;-999;-999;eor
       2961;20080201;20080229;    3;  -999;   5.00;    7.06;    3.19;    5.14;  12.0;  34.8;  -1.1;  78.50;-999;-999;-999;eor
       2961;20080301;20080331;    3;  -999;   4.70;    6.92;    2.39;    5.23;  15.9;  33.0;  -2.1; 134.00;-999;-999;-999;eor
       2961;20080401;20080430;    3;  -999;   7.31;    9.71;    5.26;    3.87;  20.1;  19.5;   1.8; 216.20;-999;-999;-999;eor
       2961;20080501;20080531;    3;  -999;  13.02;   15.19;   10.93;    3.68;  20.5;  20.9;   6.7; 373.50;-999;-999;-999;eor
       2961;20080601;20080630;    3;  -999;  15.06;   17.77;   12.57;-999;  25.3;  32.2;   9.1; 285.80;-999;-999;-999;eor
       2961;20080701;20080731;    3;  -999;  17.05;   19.45;   14.83;    4.61;  24.1;  21.9;  10.3; 267.10;-999;-999;-999;eor
       2961;20080801;20080831;    3;  -999;  17.23;   19.41;   15.40;    4.39;  25.5;  24.0;  13.8; 145.10;-999;-999;-999;eor
       2961;20080901;20080930;    3;  -999;  14.25;   16.35;   12.44;    4.37;  20.3;  23.8;   9.4; 148.40;-999;-999;-999;eor
       2961;20081001;20081031;    3;  -999;  10.41;   12.51;    8.30;    4.84;  16.8;  26.9;   3.5; 108.10;-999;-999;-999;eor
       2961;20081101;20081130;    3;  -999;   7.18;    8.76;    5.26;    5.17;  14.7;  26.1;   0.5;  46.00;-999;-999;-999;eor
       2961;20081201;20081231;    3;  -999;   3.46;    4.86;    1.79;    4.26;   9.5;  25.8;  -2.8;  28.60;-999;-999;-999;eor
       2961;20090101;20090131;    3;  -999;   1.27;    2.95;   -0.63;    4.42;   6.5;  22.1;  -5.2;  64.20;-999;-999;-999;eor
       2961;20090201;20090228;    3;  -999;   1.54;    3.07;    0.11;    4.36;   7.4;  24.0;  -3.3;  43.70;-999;-999;-999;eor
       2961;20090301;20090331;    3;  -999;   4.47;    6.59;    2.35;    4.45;   9.9;  21.1;  -0.8;  89.50;-999;-999;-999;eor
       2961;20090501;20090531;    3;  -999;  12.02;    -999;    -999;    4.39;-999;-999;-999;-999;-999;-999;-999;eor
       2961;20090601;20090630;    3;  -999;  13.85;   16.25;   11.52;    4.53;  24.0;  23.6;   7.9; 285.90;-999;-999;-999;eor
       2961;20090701;20090731;    3;  -999;  17.80;   20.53;   15.15;    4.13;  25.5;  23.6;  10.5; 248.20;-999;-999;-999;eor
       2961;20090901;20090930;    3;  -999;  15.32;    -999;    -999;    4.63;-999;-999;-999;-999;-999;-999;-999;eor
       2961;20091001;20091031;    3;  -999;   9.37;   10.95;    7.48;    5.06;  17.1;  30.3;   4.3; 122.90;-999;-999;-999;eor
       2961;20091101;20091130;    3;  -999;   8.28;    9.85;    6.55;    5.07;  14.6;  32.4;   1.5;  22.50;-999;-999;-999;eor
       2961;20091201;20091231;    3;  -999;   1.89;    3.45;    0.08;    4.58;  10.0;  24.4;  -9.5;  29.40;-999;-999;-999;eor
       2961;20100101;20100131;    3;  -999;  -2.45;   -0.77;   -4.22;    5.10;   3.3;  28.3;  -9.3;  24.20;-999;-999;-999;eor
       2961;20100201;20100228;    3;  -999;  -0.83;    0.69;   -2.51;    4.79;   5.8;  22.5;  -6.6;  29.90;-999;-999;-999;eor
       2961;20100301;20100331;    3;  -999;   3.96;    6.63;    1.33;-999;  16.8;  20.9;  -5.9; 131.20;-999;-999;-999;eor
       2961;20100401;20100430;    3;  -999;   7.45;   10.55;    4.74;    4.33;  19.8;  22.1;   1.6; 239.80;-999;-999;-999;eor
       2961;20100501;20100531;    3;  -999;   9.39;   12.00;    7.17;    4.29;  18.8;  24.0;   4.3; 169.10;-999;-999;-999;eor
       2961;20100601;20100630;    3;  -999;  14.54;   17.49;   12.08;-999;  25.4;  20.8;   9.0; 278.90;-999;-999;-999;eor
       2961;20100701;20100731;    3;  -999;  19.88;   23.15;   17.08;-999;  29.6;  20.5;  12.6; 303.40;-999;-999;-999;eor
       2961;20100801;20100831;    3;  -999;  17.31;   19.72;   15.07;    3.94;  24.2;  26.4;  10.8; 158.90;-999;-999;-999;eor
       2961;20100901;20100930;    3;  -999;  13.88;   15.88;   11.98;    4.53;  21.9;  26.3;   8.0; 156.90;-999;-999;-999;eor
       2961;20101001;20101031;    3;  -999;  10.04;   11.80;    8.28;    4.74;  18.0;  26.9;   2.9; 150.40;-999;-999;-999;eor
       2961;20101101;20101130;    3;  -999;   4.49;    5.95;    2.82;    5.07;  13.4;  33.8;  -5.2;  46.90;-999;-999;-999;eor
       2961;20101201;20101231;    3;  -999;  -3.34;   -1.57;   -5.17;    4.74;   4.0;  27.9; -10.9;  38.30;-999;-999;-999;eor
       2961;20110101;20110131;    3;  -999;   0.20;    2.13;   -1.52;    4.13;   8.2;  22.4;  -6.0;  58.30;-999;-999;-999;eor
       2961;20110201;20110228;    3;  -999;  -0.12;    1.42;   -1.65;    5.64;   8.1;  36.4;  -7.5;  49.40;-999;-999;-999;eor
       2961;20110301;20110331;    3;  -999;   2.95;    5.72;    0.70;    4.39;  11.9;  24.1;  -4.2; 153.90;-999;-999;-999;eor
       2961;20110401;20110430;    3;  -999;   9.00;   12.27;    6.42;    4.40;  17.6;  25.0;   2.4; 282.30;-999;-999;-999;eor
       2961;20110501;20110531;    3;  -999;  11.27;   14.45;    8.64;    4.35;  22.4;  24.5;   4.4; 274.50;-999;-999;-999;eor
       2961;20110601;20110630;    3;  -999;  14.84;   17.68;   12.25;    3.87;  23.7;  19.4;   8.8; 286.40;-999;-999;-999;eor
       2961;20110701;20110731;    3;  -999;  16.01;   18.73;   13.73;-999;  24.1;  24.7;  10.9; 188.10;-999;-999;-999;eor
       2961;20111001;20111031;    3;  -999;   -999;    -999;    -999;    4.71;-999;-999;-999;-999;-999;-999;-999;eor
       2961;20111101;20111130;    3;  -999;   6.56;    -999;    -999;    4.43;-999;-999;-999;-999;-999;-999;-999;eor
       2961;20111201;20111231;    3;  -999;   4.65;    6.53;    2.71;    5.55;  10.4;  28.6;   0.0;  38.30;-999;-999;-999;eor
       2961;20120101;20120131;    3;  -999;   3.18;    -999;    -999;    5.32;-999;-999;-999;-999;-999;-999;-999;eor
       2961;20120201;20120229;    3;  -999;   0.23;    -999;    -999;    5.03;-999;-999;-999;-999;-999;-999;-999;eor
       2961;20120301;20120331;    3;  -999;   6.01;    9.29;    3.40;    4.61;  17.1;  23.2;   0.0; 153.70;-999;-999;-999;eor
       2961;20120401;20120430;    3;  -999;   6.59;    9.17;    4.43;    4.17;  15.4;  21.8;   1.1; 156.40;-999;-999;-999;eor
       2961;20120501;20120531;    3;  -999;  11.74;    -999;    -999;    4.06;-999;-999;-999;-999;-999;-999;-999;eor
       2961;20120601;20120630;    3;  -999;  13.35;    -999;    -999;    4.33;-999;-999;-999;-999;-999;-999;-999;eor
       2961;20120701;20120731;    3;  -999;  16.16;    -999;    -999;    4.03;-999;-999;-999;-999;-999;-999;-999;eor
       2961;20120801;20120831;    3;  -999;  17.43;   20.20;   15.05;    3.90;  28.0;  19.6;  13.2; 263.80;-999;-999;-999;eor
       2961;20120901;20120930;    3;  -999;  13.96;    -999;    -999;    4.63;-999;-999;-999;-999;-999;-999;-999;eor
       2961;20121001;20121031;    3;  -999;  10.07;   12.16;    8.06;    4.61;  20.3;  23.4;   2.9; 119.60;-999;-999;-999;eor
       2961;20121101;20121130;    3;  -999;   6.55;    8.24;    4.80;    4.60;  10.9;  26.5;  -1.6;  49.10;-999;-999;-999;eor
       2961;20121201;20121231;    3;  -999;   1.80;    3.87;   -0.17;    5.03;  10.9;  30.7;  -5.4;  36.30;-999;-999;-999;eor
       2961;20130101;20130131;    3;  -999;   1.70;    3.18;   -0.03;    4.90;   9.9;  32.0;  -7.6;  19.80;-999;-999;-999;eor
       2961;20130201;20130228;    3;  -999;   0.30;    1.60;   -1.04;    4.57;   6.2;  26.8;  -4.6;  39.20;-999;-999;-999;eor
       2961;20130301;20130331;    3;  -999;  -0.14;    -999;    -999;    5.29;-999;-999;-999; 137.80;-999;-999;-999;eor
       2961;20130401;20130430;    3;  -999;   6.08;    9.21;    3.15;    4.17;  18.3;  26.9;  -1.4; 215.30;-999;-999;-999;eor
       2961;20130501;20130531;    3;  -999;  11.34;   14.63;    8.79;    3.94;  20.6;  27.8;   3.2; 206.20;-999;-999;-999;eor
       2961;20130601;20130630;    3;  -999;  14.75;   18.39;   11.66;    4.27;  23.9;  23.3;   8.4; 239.30;-999;-999;-999;eor
       2961;20130701;20130731;    3;  -999;  18.72;   23.42;   14.83;    3.42;  29.3;  24.3;  11.6; 330.50;-999;-999;-999;eor
       2961;20130801;20130831;    3;  -999;  18.29;   22.12;   15.02;    4.16;  28.3;  23.0;  11.1; 250.90;-999;-999;-999;eor
       2961;20131001;20131031;    3;  -999;  11.89;   14.07;    9.63;    4.97;  18.5;  46.9;   6.1; 110.60;-999;-999;-999;eor
       2961;20131101;20131130;    3;  -999;   6.97;    -999;    -999;-999;-999;-999;-999;-999;-999;-999;-999;eor
       2961;20131201;20131231;    3;  -999;   5.46;    -999;    -999;-999;-999;-999;-999;-999;-999;-999;-999;eor
       2961;20140101;20140131;    3;  -999;   2.10;    3.88;    0.32;    5.55;  10.7;  28.7;  -9.4;  26.40;-999;-999;-999;eor
       2961;20140201;20140228;    3;  -999;   5.03;    7.44;    2.67;    4.75;  12.2;  25.4;  -1.9; 108.90;-999;-999;-999;eor
       2961;20140301;20140331;    3;  -999;   6.36;    9.32;    3.96;    4.26;  17.9;  26.8;   1.1; 167.30;-999;-999;-999;eor
       2961;20140401;20140430;    3;  -999;   8.66;   11.39;    6.38;    4.50;  17.9;  24.0;   3.3; 204.50;-999;-999;-999;eor
       2961;20140501;20140531;    3;  -999;  12.00;   14.85;    9.76;    4.26;  26.4;  24.3;   6.7; 223.90;-999;-999;-999;eor
       2961;20140601;20140630;    3;  -999;  15.39;   18.29;   12.86;    3.73;  24.2;  20.3;  10.2; 287.80;-999;-999;-999;eor
       2961;20140701;20140731;    3;  -999;  19.43;   22.18;   16.94;    4.10;  26.5;  21.1;  11.8; 312.20;-999;-999;-999;eor
       2961;20140801;20140831;    3;  -999;  16.69;   19.39;   14.26;    4.23;  25.1;  22.9;  10.5; 232.40;-999;-999;-999;eor
       2961;20140901;20140930;    3;  -999;  15.80;    -999;    -999;    4.43;-999;-999;-999; 193.32;-999;-999;-999;eor
       2961;20141001;20141031;    3;  -999;  13.24;   15.45;   11.12;    4.39;  20.5;  23.4;   6.4; 101.50;-999;-999;-999;eor
       2961;20141101;20141130;    3;  -999;   8.22;   10.07;    6.61;    4.83;  18.0;  22.7;  -0.7;  64.10;-999;-999;-999;eor
       2961;20141201;20141231;    3;  -999;   4.06;    6.14;    1.88;    5.42;  10.9;  29.4;  -3.7;  36.60;-999;-999;-999;eor
       2961;20150101;20150131;    3;  -999;   3.51;    5.44;    1.23;    5.13;  11.7;  40.2;  -4.1;  39.40;-999;-999;-999;eor
       2961;20150201;20150228;    3;  -999;   2.39;    4.45;    0.40;    4.64;   8.5;  22.5;  -3.8;  65.90;-999;-999;-999;eor
       2961;20150301;20150331;    3;  -999;   5.01;    -999;    -999;    4.81;-999;-999;-999; 146.00;-999;-999;-999;eor
       2961;20150401;20150430;    3;  -999;   7.73;   11.19;    4.95;    4.20;  17.3;  30.1;   2.0; 258.30;-999;-999;-999;eor
       2961;20150501;20150531;    3;  -999;  10.68;   13.86;    7.81;    4.39;  21.7;  24.5;   5.0; 218.10;-999;-999;-999;eor
       2961;20150601;20150630;    3;  -999;  13.77;   16.70;   10.85;    4.03;  22.4;  23.4;   8.6; 242.60;-999;-999;-999;eor
       2961;20150701;20150731;    3;  -999;  16.62;   19.46;   13.87;    4.45;  27.1;  33.3;  10.5; 245.00;-999;-999;-999;eor
       2961;20150801;20150831;    3;  -999;  18.12;   21.00;   15.85;    4.03;  25.8;  23.5;  11.7; 249.20;-999;-999;-999;eor
       2961;20150901;20150930;    3;  -999;  14.59;   16.98;   12.08;    4.30;  19.8;  23.4;   9.9; 193.30;-999;-999;-999;eor
       2961;20151001;20151031;    3;  -999;  10.84;   12.70;    9.03;    4.35;  17.6;  23.7;   6.9; 115.30;-999;-999;-999;eor
       2961;20151101;20151130;    3;  -999;   8.77;    -999;    -999;    5.20;-999;-999;-999;  53.90;-999;-999;-999;eor
       2961;20151201;20151231;    3;  -999;   8.09;   10.16;    5.80;    5.58;  13.9;  31.9;   0.7;  35.30;-999;-999;-999;eor
       2961;20160101;20160131;    3;  -999;   1.28;    3.70;   -1.13;    5.10;  11.5;  32.9;  -8.2;  43.20;-999;-999;-999;eor
       2961;20160201;20160229;    3;  -999;   2.70;    -999;    -999;    4.86;-999;-999;-999;-999;-999;-999;-999;eor
       2961;20160301;20160331;    3;  -999;   3.29;    5.80;    0.99;    4.00;  13.4;  26.1;  -2.9; 111.10;-999;-999;-999;eor
       2961;20160401;20160430;    3;  -999;   6.79;    9.37;    4.61;    4.17;  15.5;  23.8;   0.5; 168.90;-999;-999;-999;eor
       2961;20160501;20160531;    3;  -999;  12.64;   15.44;   10.38;    4.16;  26.1;  25.0;   5.8; 271.10;-999;-999;-999;eor
       2961;20160601;20160630;    3;  -999;  16.56;   19.44;   14.20;    3.90;  27.1;  19.7;  11.0; 227.30;-999;-999;-999;eor
       2961;20160701;20160731;    3;  -999;  17.45;    -999;    -999;    4.13;-999;-999;-999; 200.90;-999;-999;-999;eor
       2961;20160801;20160831;    3;  -999;  17.40;   20.30;   14.79;    4.06;  29.5;  22.5;   9.9; 225.60;-999;-999;-999;eor
       2961;20160901;20160930;    3;  -999;  17.75;   19.96;   15.66;    4.10;  25.5;  23.6;  11.2; 226.40;-999;-999;-999;eor
       2961;20161001;20161031;    3;  -999;  10.42;   11.91;    9.07;    4.74;  17.5;  21.9;   5.0;  67.30;-999;-999;-999;eor
       2961;20170101;20170131;    3;  -999;   1.85;    3.41;    0.17;    4.52;   8.2;  27.7;  -4.3;  64.40;-999;-999;-999;eor
       2961;20170201;20170228;    3;  -999;   2.73;    4.42;    1.28;    5.21;  10.7;  30.6;  -3.3;  41.20;-999;-999;-999;eor
       2961;20170301;20170331;    3;  -999;   6.08;    9.00;    3.67;    4.45;  20.1;  29.9;   0.6; 135.30;-999;-999;-999;eor
       2961;20170501;20170531;    3;  -999;  12.51;   15.56;   10.06;    4.29;  23.5;  22.9;   6.1; 259.00;-999;-999;-999;eor
       2961;20170601;20170630;    3;  -999;  15.77;    -999;    -999;    4.53;-999;-999;-999;-999;-999;-999;-999;eor
       2961;20170701;20170731;    3;  -999;  16.63;   19.10;   14.49;    4.03;  25.0;  23.1;  11.9; 221.90;-999;-999;-999;eor
       2961;20170801;20170831;    3;  -999;  17.28;   19.81;   14.95;    4.13;  26.1;  22.2;  12.7; 206.10;-999;-999;-999;eor
       2961;20170901;20170930;    3;  -999;  14.58;   16.61;   12.77;    4.20;  21.2;  31.9;   9.3; 151.90;-999;-999;-999;eor
       2961;20171001;20171031;    3;  -999;  12.49;   14.32;   10.64;    5.00;  19.4;  33.9;   5.7;  93.40;-999;-999;-999;eor
       2961;20171101;20171130;    3;  -999;   7.22;    8.72;    5.42;    4.67;  13.7;  24.6;   0.3;  57.30;-999;-999;-999;eor
       2961;20171201;20171231;    3;  -999;   4.57;    6.06;    3.05;    5.39;  11.2;  25.1;  -0.4;  34.90;-999;-999;-999;eor
       2961;20180101;20180131;    3;  -999;   3.72;    5.30;    2.25;    4.97;  12.6;  28.7;  -1.6;  47.90;-999;-999;-999;eor
       2961;20180201;20180228;    3;  -999;   0.36;    1.83;   -1.15;    4.36;   5.5;  23.7;  -8.0; 111.40;-999;-999;-999;eor
       2961;20180301;20180331;    3;  -999;   1.51;    3.55;   -0.37;    4.71;  12.9;  32.5;  -6.2;  88.50;-999;-999;-999;eor
       2961;20180401;20180430;    3;  -999;   8.96;   12.74;    5.86;    4.40;  24.6;  24.4;   0.4; 198.80;-999;-999;-999;eor
       2961;20180501;20180531;    3;  -999;  13.57;   16.50;   11.32;    4.10;  21.7;  22.3;   5.0; 379.90;-999;-999;-999;eor
       2961;20180601;20180630;    3;  -999;  16.60;   19.41;   14.19;    4.00;  24.1;  21.2;  10.3; 264.90;-999;-999;-999;eor
       2961;20180701;20180731;    3;  -999;  19.69;   23.03;   16.72;    3.48;  31.6;  23.3;  11.8; 373.00;-999;-999;-999;eor
       2961;20180801;20180831;    3;  -999;  19.03;   22.02;   16.19;-999;  28.5;  31.3;  11.2; 223.50;-999;-999;-999;eor
       2961;20180901;20180930;    3;  -999;  15.73;   18.48;   13.22;    5.13;  28.9;  28.1;   8.7; 195.30;-999;-999;-999;eor
       2961;20181001;20181031;    3;  -999;  12.51;   15.26;   10.04;    5.16;  25.6;  28.4;   4.8; 160.70;-999;-999;-999;eor
       2961;20181101;20181130;    3;  -999;   7.23;    8.63;    5.80;    5.00;  13.2;  26.7;   0.4;  58.20;-999;-999;-999;eor
       2961;20181201;20181231;    3;  -999;   5.55;    6.81;    4.04;    5.23;  11.6;  26.7;  -1.1;  23.10;-999;-999;-999;eor
       2961;20190101;20190131;    3;  -999;   2.91;    4.60;    0.83;    5.39;   8.8;  31.9;  -6.9;  62.90;-999;-999;-999;eor
       2961;20190201;20190228;    3;  -999;   5.59;    8.34;    3.45;    5.14;  15.0;  31.2;   0.0; 110.60;-999;-999;-999;eor
       2961;20190301;20190331;    3;  -999;   6.48;    8.90;    4.34;    5.42;  15.7;  33.3;   0.7;  98.90;-999;-999;-999;eor
       2961;20190401;20190430;    3;  -999;   8.15;   10.58;    6.35;    4.80;  17.8;  24.1;   2.5; 268.40;-999;-999;-999;eor
       2961;20190501;20190531;    3;  -999;  10.76;   13.38;    8.29;    4.74;  18.7;  22.6;   2.9; 226.20;-999;-999;-999;eor
       2961;20190601;20190630;    3;  -999;  17.54;   21.56;   14.31;    4.30;  30.5;  25.6;  11.7; 286.70;-999;-999;-999;eor
       2961;20190701;20190731;    3;  -999;  17.18;   19.94;   14.96;    4.52;  26.7;  23.5;  11.4; 216.10;-999;-999;-999;eor
       2961;20190801;20190831;    3;  -999;  18.81;   21.73;   16.35;    4.32;  30.4;  23.1;  11.9; 244.80;-999;-999;-999;eor
       2961;20190901;20190930;    3;  -999;  14.86;   17.19;   12.75;    5.00;  24.8;  28.2;   9.9; 163.50;-999;-999;-999;eor
       2961;20191001;20191031;    3;  -999;  11.56;   13.77;    9.93;    4.90;  20.2;-999;   4.3;  97.50;-999;-999;-999;eor
       2961;20191101;20191130;    3;  -999;   6.86;    8.46;    5.15;    4.80;  13.6;  23.0;   2.2;  49.10;-999;-999;-999;eor
       2961;20191201;20191231;    3;  -999;   5.66;    7.27;    3.97;    5.32;  12.4;  36.5;   0.5;  58.90;-999;-999;-999;eor
       2961;20200101;20200131;    3;  -999;   5.76;    7.52;    3.87;    5.65;  12.6;  32.9;  -1.4;  38.70;-999;-999;-999;eor
       2961;20200201;20200229;    3;  -999;   5.79;    7.89;    3.49;    6.07;  12.4;  39.1;   1.3;  57.60;-999;-999;-999;eor
       2961;20200301;20200331;    3;  -999;   5.60;    7.91;    3.41;    5.06;  12.4;  34.4;  -0.1; 198.30;-999;-999;-999;eor
       2961;20200401;20200430;    3;  -999;   8.98;   12.19;    6.10;-999;  20.6;-999;   2.0; 296.40;-999;-999;-999;eor
       2961;20200501;20200531;    3;  -999;  11.36;   14.40;    8.87;    4.39;  19.8;  20.4;   4.8; 277.30;-999;-999;-999;eor
       2961;20200601;20200630;    3;  -999;  16.39;   18.93;   14.27;    4.27;  25.8;  26.6;   8.3; 298.90;-999;-999;-999;eor
       2961;20200701;20200731;    3;  -999;  16.14;   18.85;   13.45;    4.16;  25.2;  28.0;  10.7; 207.10;-999;-999;-999;eor
       2961;20200801;20200831;    3;  -999;  19.44;   22.41;   17.17;    4.35;  28.0;  26.3;  13.7; 289.80;-999;-999;-999;eor
       2961;20200901;20200930;    3;  -999;  15.91;   18.35;   13.68;    4.27;  24.5;  25.7;  10.8; 220.80;-999;-999;-999;eor
       2961;20201001;20201031;    3;  -999;  11.76;   13.57;   10.05;    5.26;  17.2;  30.6;   6.9; 118.80;-999;-999;-999;eor
       2961;20201101;20201130;    3;  -999;   8.61;   10.54;    6.80;    4.90;  18.7;  34.4;   1.4;  77.60;-999;-999;-999;eor
       2961;20201201;20201231;    3;  -999;   4.80;    6.14;    3.27;    4.90;  10.3;  25.7;  -0.2;  23.10;-999;-999;-999;eor
       2961;20210101;20210131;    3;  -999;   2.38;    3.96;    0.90;    5.16;  10.0;  34.8;  -3.1;  40.60;-999;-999;-999;eor
       2961;20210201;20210228;    3;  -999;   2.97;    5.29;    0.88;    5.32;  17.2;  32.6;  -5.2; 108.50;-999;-999;-999;eor
       2961;20210301;20210331;    3;  -999;   5.01;    8.32;    2.76;    4.58;  16.3;  35.5;  -0.5; 148.60;-999;-999;-999;eor
       2961;20210401;20210430;    3;  -999;   6.30;    9.22;    4.20;    4.57;  16.7;  28.3;  -0.7; 267.00;-999;-999;-999;eor
       2961;20210501;20210531;    3;  -999;  10.42;   13.29;    7.90;    4.52;  23.2;  25.8;   3.4; 165.20;-999;-999;-999;eor
       2961;20210601;20210630;    3;  -999;  17.19;   20.48;   14.69;    3.83;  28.5;  20.9;  11.7; 293.60;-999;-999;-999;eor
       2961;20210701;20210731;    3;  -999;  19.15;   21.67;   16.75;    4.35;  29.4;  29.3;  12.7; 237.90;-999;-999;-999;eor
       2961;20210801;20210831;    3;  -999;  16.97;   19.29;   14.79;    4.61;  24.9;  21.8;  11.6; 196.20;-999;-999;-999;eor
       2961;20210901;20210930;    3;  -999;  16.04;   18.68;   14.11;    4.30;  24.5;  31.5;  10.4; 159.10;-999;-999;-999;eor
       2961;20211001;20211031;    3;  -999;  12.06;   14.24;    9.97;    4.94;  20.3;  25.7;   6.7; 136.90;-999;-999;-999;eor
       2961;20211101;20211130;    3;  -999;   7.89;    9.39;    6.34;-999;  14.7;  28.6;   1.5;  47.70;-999;-999;-999;eor
       2961;20211201;20211231;    3;  -999;   3.63;    5.27;    1.94;    5.03;  11.8;  28.2;  -3.1;  42.60;-999;-999;-999;eor
       2961;20220101;20220131;    3;  -999;   4.91;    6.45;    3.47;    5.65;  11.6;  39.2;   0.8;  56.70;-999;-999;-999;eor
       2961;20220201;20220228;    3;  -999;   5.25;    7.53;    2.96;    5.96;  11.7;  38.8;   1.0;  83.90;-999;-999;-999;eor
       2961;20220301;20220331;    3;  -999;   5.19;    8.41;    2.76;    4.00;  15.1;  20.3;  -1.2; 235.80;-999;-999;-999;eor
       2961;20220401;20220430;    3;  -999;   7.36;   10.35;    5.17;    4.43;  19.6;  29.0;   1.1; 263.80;-999;-999;-999;eor
       2961;20220501;20220531;    3;  -999;  12.56;   16.27;    9.78;    4.29;  23.4;  28.1;   6.0; 275.00;-999;-999;-999;eor
       2961;20220601;20220630;    3;  -999;  15.96;   18.93;   13.25;    4.10;  26.1;  20.0;   9.0; 276.10;-999;-999;-999;eor
       2961;20220701;20220731;    3;  -999;  17.52;   20.70;   14.66;    4.65;  33.0;  25.3;  12.8; 251.50;-999;-999;-999;eor
       2961;20220801;20220831;    3;  -999;  19.60;   22.21;   17.23;    3.87;  31.6;  26.2;  12.9; 298.10;-999;-999;-999;eor
       2961;20220901;20220930;    3;  -999;  14.71;   16.85;   12.98;    4.53;  19.8;  22.9;   8.1; 171.40;-999;-999;-999;eor
       2961;20221001;20221031;    3;  -999;  13.27;   15.67;   11.08;    4.58;  19.7;  24.3;   8.4; 163.30;-999;-999;-999;eor
       2961;20221101;20221130;    3;  -999;   8.00;    9.48;    6.17;    5.37;  16.6;  26.4;  -0.7;  44.10;-999;-999;-999;eor
       2961;20221201;20221231;    3;  -999;   3.20;    5.00;    1.43;    4.84;  13.8;  25.8;  -5.5;  44.60;-999;-999;-999;eor
       2961;20230101;20230131;    3;  -999;   5.00;    6.75;    3.29;    5.55;  14.4;  32.6;  -1.9;  45.30;-999;-999;-999;eor
       2961;20230201;20230228;    3;  -999;   4.50;    6.54;    2.72;    4.82;  10.6;  31.9;  -0.9;  76.30;-999;-999;-999;eor
       2961;20230301;20230331;    3;  -999;   5.48;    8.03;    3.08;    4.84;  14.6;  35.8;  -0.7; 117.10;-999;-999;-999;eor
       2961;20230401;20230430;    3;  -999;   7.27;    9.83;    5.21;    4.50;  19.5;  23.0;   1.5; 239.22;-999;-999;-999;eor
       2961;20230501;20230531;    3;  -999;  11.51;   14.60;    9.02;    4.45;  19.3;  26.8;   5.5; 309.00;-999;-999;-999;eor
       2961;20230601;20230630;    3;  -999;  17.09;   20.33;   14.36;    3.90;  27.3;  22.9;   8.8; 358.15;-999;-999;-999;eor
       2961;20230701;20230731;    3;  -999;  17.15;   19.88;   14.43;    4.84;  28.5;  29.0;   8.6; 239.25;-999;-999;-999;eor
       2961;20230801;20230831;    3;  -999;  17.47;   20.48;   15.10;    4.23;  24.8;-999;  12.4; 199.53;-999;-999;-999;eor
       2961;20230901;20230930;    3;  -999;  17.88;   21.04;   15.20;    4.13;  26.2;  29.8;  12.5; 240.62;-999;-999;-999;eor
       2961;20231001;20231031;    3;  -999;  11.95;   14.05;    9.65;-999;  20.6;-999;   4.8;  79.82;-999;-999;-999;eor
       2961;20231101;20231130;    3;  -999;   6.67;    8.48;    4.86;-999;  12.9;  28.4;  -3.8;  32.90;-999;-999;-999;eor
       2961;20231201;20231231;    3;  -999;   4.65;    6.15;    2.89;    5.52;  11.6;  34.4;  -5.1;  20.33;-999;-999;-999;eor
