STATIONS_ID;MESS_DATUM_BEGINN;MESS_DATUM_ENDE;QN_4;MO_N;MO_TT;MO_TX;MO_TN;MO_FK;MX_TX;MX_FX;MX_TN;MO_SD_S;QN_6;MO_RR;MX_RS;eor
       1766;19891001;19891031;   10;  4.97;  11.38;   15.53;    7.70;    2.77;  22.5;  20.6;  -1.0; 123.50;   10;    62.7;   12.2;eor
       1766;19891101;19891130;   10;  4.11;   4.38;    8.74;    0.66;    2.21;  15.0;  18.0;  -8.8; 120.90;   10;    18.4;    4.3;eor
       1766;19891201;19891231;   10;  6.17;   3.97;    7.11;    0.77;    2.27;  14.9;  24.2;  -7.6;  37.20;   10;    77.0;   18.8;eor
       1766;19900101;19900131;   10;  6.53;   5.01;    7.02;    2.79;    3.31;  12.4;  34.5;  -3.3;  35.80;   10;    46.0;   17.6;eor
       1766;19900201;19900228;   10;  5.19;   7.08;   11.18;    3.86;    3.59;  17.0;  31.4;  -1.8;  94.40;   10;    95.3;   27.6;eor
       1766;19900301;19900331;   10;  5.11;   7.56;   12.23;    3.83;    3.20;  20.6;  24.7;  -1.0; 135.30;   10;    28.7;    5.7;eor
       1766;19900401;19900430;   10;  4.00;   8.17;   13.59;    3.46;    2.69;  20.7;  22.1;  -5.3; 213.30;   10;    31.7;    5.4;eor
       1766;19900501;19900531;   10;  3.38;  14.32;   19.85;    7.13;    2.15;  27.4;  21.6;   0.4; 300.20;   10;    35.0;   11.4;eor
       1766;19900601;19900630;   10;  6.31;  15.43;   19.73;   11.55;    2.15;  27.4;  19.6;   5.4; 128.40;   10;    97.0;   14.7;eor
       1766;19900701;19900731;   10;  4.50;  16.82;   22.14;   11.04;    2.70;  31.8;  21.1;   5.7; 239.10;   10;    36.0;   13.1;eor
       1766;19900801;19900831;   10;  4.37;  18.59;   24.57;   13.09;    2.10;  35.3;  21.0;   7.0; 223.80;   10;    60.3;   18.3;eor
       1766;19900901;19900930;   10;  5.84;  11.87;   16.17;    8.48;    2.30;  21.0;  22.1;   4.0;  88.80;   10;    83.7;   11.5;eor
       1766;19901001;19901031;   10;  4.61;  11.86;   16.41;    7.87;    2.63;  25.0;  19.5;   1.9; 155.30;   10;    42.8;   27.3;eor
       1766;19901101;19901130;   10;  5.89;   5.37;    7.99;    3.09;    2.37;  13.4;  26.7;  -2.4;  44.70;   10;   112.4;   29.2;eor
       1766;19901201;19901231;   10;  6.54;   3.11;    4.82;    1.03;    2.74;   9.7;  22.1;  -4.2;  34.90;   10;    64.8;   10.8;eor
       1766;19910101;19910131;   10;  5.38;   2.86;    5.22;    0.76;    2.73;  13.0;  24.6;  -4.9;  73.50;    9;    70.5;   24.4;eor
       1766;19910201;19910228;   10;  5.14;  -1.21;    2.14;   -4.77;    2.39;  14.5;  18.0; -12.7;  88.30;    9;    11.1;    4.9;eor
       1766;19910301;19910331;   10;  5.15;   8.17;   12.26;    4.52;    2.23;  18.2;  18.0;  -2.9; 130.90;    9;    21.5;    6.1;eor
       1766;19910401;19910430;   10;  4.47;   8.16;   13.33;    2.73;    2.59;  21.2;  19.0;  -6.4; 221.30;    9;    22.9;   13.2;eor
       1766;19910501;19910531;   10;  5.70;  10.40;   14.75;    5.44;    2.50;  23.2;  15.9;   1.0; 162.00;    9;    33.7;    9.7;eor
       1766;19910601;19910630;   10;  6.38;  13.10;   16.92;    9.61;    2.83;  22.1;  20.0;   1.1; 121.70;    9;    90.5;   25.5;eor
       1766;19910701;19910731;   10;  4.56;  19.47;   24.61;   14.35;    2.36;  33.4;  14.4;   7.0; 267.20;    9;    38.7;    8.8;eor
       1766;19910801;19910831;   10;  4.11;  17.78;   23.44;   12.24;    1.99;  32.3;  17.4;   5.2; 226.20;    9;    49.0;   19.3;eor
       1766;19910901;19910930;   10;  4.68;  14.94;   20.57;   10.26;    2.17;  28.7;  15.9;   2.0; 156.60;    9;    70.5;   25.2;eor
       1766;19911001;19911031;   10;  4.32;   9.24;   13.71;    6.22;    2.41;  21.4;  25.2;  -0.9; 146.60;    9;    37.9;    8.9;eor
       1766;19911101;19911130;   10;  5.48;   5.15;    7.98;    2.48;    2.63;  14.3;  22.1;  -4.0;  64.20;    9;   120.9;   21.0;eor
       1766;19911201;19911231;   10;  5.11;   2.74;    5.65;   -0.21;    2.51;  12.7;  22.1;  -7.0;  65.00;    9;    65.0;   22.2;eor
       1766;19920101;19920131;   10;  6.05;   2.01;    4.54;   -0.28;    2.66;  11.5;  19.0;  -8.6;  44.70;    9;    35.4;   21.1;eor
       1766;19920201;19920229;   10;  5.84;   4.45;    7.41;    1.44;    2.77;  15.8;  18.0;  -6.4;  65.30;    9;    25.4;    5.4;eor
       1766;19920301;19920331;   10;  5.59;   6.05;    9.82;    2.70;    2.97;  16.4;  29.3;  -2.8;  89.30;    9;    71.9;   24.0;eor
       1766;19920401;19920430;   10;  5.21;   8.35;   12.74;    4.20;    2.50;  18.1;  17.5;  -1.3; 131.60;    9;    53.0;   14.7;eor
       1766;19920501;19920531;   10;  3.26;  16.03;   21.02;   10.30;    2.79;  30.3;  22.6;   1.0; 309.80;    9;    22.3;    9.1;eor
       1766;19920601;19920630;   10;  4.45;  17.64;   23.05;   11.79;    2.22;  31.5;  15.9;   5.0; 234.20;    9;    57.2;   25.9;eor
       1766;19920701;19920731;   10;  4.61;  18.85;   24.50;   13.65;    2.44;  31.5;  17.0;   7.8; 225.20;    9;    54.3;   14.0;eor
       1766;19920801;19920831;   10;  5.07;  18.47;   23.81;   13.92;    2.62;  33.9;  19.0;   9.3; 181.10;    9;   100.8;   24.8;eor
       1766;19920901;19920930;   10;  4.96;  14.21;   19.21;   10.15;    2.32;  24.5;  20.1;   4.2; 171.10;    9;    55.3;   29.4;eor
       1766;19921001;19921031;   10;  5.35;   6.95;   10.57;    3.95;    2.62;  17.4;  17.5;  -2.9;  94.80;    9;    76.2;   15.0;eor
       1766;19921101;19921130;   10;  6.10;   7.12;    9.64;    4.36;    3.24;  14.5;  32.9;  -0.6;  59.70;    9;   101.1;   13.1;eor
       1766;19921201;19921231;   10;  5.66;   2.91;    5.36;    0.96;    2.41;  12.7;  21.1;  -9.8;  59.50;    9;    54.2;   19.8;eor
       1766;19930101;19930131;   10;  5.37;   4.04;    7.35;    0.86;    3.58;  15.0;  29.8; -12.1;  62.90;    9;   108.5;   27.9;eor
       1766;19930201;19930228;   10;  5.70;   0.63;    3.17;   -1.67;    2.13;   7.1;  26.2;  -7.4;  59.40;    9;    25.9;    9.9;eor
       1766;19930301;19930331;   10;  3.99;   4.97;    9.83;    0.56;    2.53;  17.8;  19.0;  -5.8; 174.40;    9;     6.2;    2.1;eor
       1766;19930401;19930430;   10;  5.03;  11.58;   16.21;    6.79;    2.46;  26.6;  17.5;   1.0; 166.40;    9;    54.4;   12.2;eor
       1766;19930501;19930531;   10;  4.27;  14.93;   20.08;    9.63;    2.53;  26.1;  19.5;  -0.4; 248.00;    9;    77.1;   17.0;eor
       1766;19930601;19930630;   10;  4.67;  16.24;   20.75;   10.83;    2.32;  29.5;  17.0;   6.1; 229.50;    9;    46.3;   16.2;eor
       1766;19930701;19930731;   10;  5.54;  16.20;   21.05;   11.75;    2.58;  28.0;  19.0;   5.2; 168.20;    9;   129.4;   27.7;eor
       1766;19930801;19930831;   10;  5.04;  15.05;   20.21;   10.30;    2.25;  26.8;  17.0;   4.1; 166.30;    9;    35.0;    8.6;eor
       1766;19930901;19930930;   10;  5.40;  12.58;   16.84;    8.97;    2.20;  23.6;  15.9;   1.2; 131.80;    9;   146.5;   24.4;eor
       1766;19931001;19931031;   10;  5.43;   8.53;   12.14;    5.79;    2.29;  19.1;  21.6;  -2.3; 103.30;    9;   103.5;   40.9;eor
       1766;19931101;19931130;   10;  4.98;   1.56;    4.47;   -0.76;    2.30;  15.1;  22.6;  -9.8;  78.90;    9;    34.4;   13.4;eor
       1766;19931201;19931231;   10;  6.90;   4.46;    6.57;    2.37;    3.45;  13.6;  27.3;  -6.2;  11.90;    9;   139.7;   18.7;eor
       1766;19940101;19940131;   10;  5.96;   4.42;    6.69;    2.27;    3.30;  12.6;  32.9;  -2.7;  37.40;    9;   104.4;   18.3;eor
       1766;19940201;19940228;   10;  5.11;   0.62;    3.90;   -2.49;    2.28;  14.3;  19.5; -12.6;  93.70;    9;    12.8;    2.9;eor
       1766;19940301;19940331;   10;  6.11;   6.83;   10.44;    3.76;    3.47;  18.6;  29.3;  -2.4; 110.90;    9;   102.1;   20.9;eor
       1766;19940401;19940430;   10;  5.43;   8.57;   13.25;    4.06;    2.72;  23.0;  28.3;  -1.9; 160.00;    9;    60.3;   16.8;eor
       1766;19940501;19940531;   10;  5.29;  12.79;   17.22;    8.56;    2.25;  22.6;  17.5;   2.2; 181.50;    9;    55.0;    8.1;eor
       1766;19940601;19940630;   10;  5.25;  15.50;   20.35;   10.52;    2.41;  31.6;  19.0;   5.8; 187.70;    9;    50.2;   17.6;eor
       1766;19940701;19940731;   10;  3.60;  21.99;   28.09;   15.90;    1.93;  34.5;  20.1;  10.6; 304.20;    9;    20.9;    8.5;eor
       1766;19940801;19940831;   10;  4.52;  17.97;   23.37;   12.95;    2.29;  34.6;  24.7;   5.1; 207.40;    9;    42.8;   11.0;eor
       1766;19940901;19940930;   10;  5.76;  13.27;   17.34;    9.92;    2.44;  22.3;  26.2;   5.4; 115.90;    9;   130.2;   31.9;eor
       1766;19941001;19941031;   10;  5.16;   8.64;   13.25;    4.86;    2.18;  20.9;  19.5;  -1.8; 131.10;    9;    90.0;   15.0;eor
       1766;19941101;19941130;   10;  6.17;   8.62;   11.48;    6.08;    2.41;  17.4;  20.1;   1.5;  48.00;    9;    86.4;   18.8;eor
       1766;19941201;19941231;   10;  5.82;   5.04;    7.57;    2.32;    3.04;  13.6;  22.1;  -5.7;  63.10;    9;    87.8;   22.6;eor
       1766;19950101;19950131;   10;  5.59;   2.32;    4.96;   -0.32;    3.05;  12.9;  35.0;  -9.4;  79.30;    9;   106.9;   14.3;eor
       1766;19950201;19950228;   10;  6.22;   5.89;    8.74;    3.18;    3.28;  13.3;  25.2;  -2.3;  68.00;    9;    74.6;   11.7;eor
       1766;19950301;19950331;   10;  4.59;   4.24;    8.37;    0.98;    3.33;  14.6;  30.9;  -2.7; 163.30;    9;    81.5;   22.6;eor
       1766;19950401;19950430;   10;  5.70;   9.17;   13.16;    5.24;    2.80;  23.8;  20.1;  -1.6; 136.30;    9;    41.1;   10.0;eor
       1766;19950501;19950531;   10;  5.23;  13.09;   18.10;    7.59;    2.22;  26.0;  17.0;   0.4; 220.70;    9;    37.1;   12.6;eor
       1766;19950601;19950630;   10;  5.34;  14.92;   19.42;   10.17;    2.37;  28.1;  19.5;   6.1; 194.90;    9;    67.5;   11.4;eor
       1766;19950701;19950731;   10;  3.91;  20.65;   26.62;   14.42;    2.05;  33.7;  18.0;   8.4; 290.40;    9;    41.9;   11.9;eor
       1766;19950801;19950831;   10;  3.33;  19.71;   26.07;   12.65;    2.23;  33.4;  15.9;   6.4;-999;    9;    54.0;   13.4;eor
       1766;19950901;19950930;   10;  5.84;  13.60;   18.10;   10.36;    2.32;  23.3;  18.5;   4.9;  98.00;    9;    84.7;   19.3;eor
       1766;19951001;19951031;   10;  5.13;  12.19;   17.20;    7.73;    1.60;  24.0;  12.9;  -0.4; 123.80;    9;    11.6;    2.4;eor
       1766;19951101;19951130;   10;  5.46;   5.17;    8.77;    1.92;    2.22;  14.5;  15.9;  -6.4;  76.50;    9;    25.1;    6.1;eor
       1766;19951201;19951231;   10;  5.48;  -1.40;    1.06;   -3.91;    1.94;  10.2;  15.4; -13.2;  61.80;    9;    29.6;   12.8;eor
       1766;19960101;19960131;   10;  4.22;  -1.48;    1.22;   -3.95;    2.63;  11.1;  14.4; -12.6; 107.60;    9;     4.4;    1.4;eor
       1766;19960201;19960229;   10;  6.03;  -1.02;    2.05;   -4.10;    2.44;  11.6;  18.5; -19.4;  58.80;    9;    63.9;   15.4;eor
       1766;19960301;19960331;   10;  4.43;   2.45;    6.71;   -0.84;    2.57;  14.1;  15.4;  -5.8; 127.90;    9;     9.1;    2.8;eor
       1766;19960401;19960430;   10;  4.24;   9.29;   15.10;    3.01;    2.05;  26.4;  14.4;  -6.7; 211.70;    9;     6.1;    3.1;eor
       1766;19960501;19960531;   10;  6.22;  11.18;   15.50;    6.68;    2.46;  25.6;  15.4;  -2.0; 105.00;    9;    70.3;   25.6;eor
       1766;19960601;19960630;   10;  4.91;  15.62;   20.75;    9.66;    2.11;  32.3;  14.9;   3.2; 188.40;    9;    25.3;    5.5;eor
       1766;19960701;19960731;   10;  5.51;  16.46;   21.56;   11.71;    2.42;  27.7;  17.0;   7.4; 182.50;    9;    84.5;   26.9;eor
       1766;19960801;19960831;   10;  4.71;  17.62;   23.26;   12.94;    2.12;  30.0;  18.5;   7.1; 205.10;    9;   131.7;   45.9;eor
       1766;19960901;19960930;   10;  5.17;  11.67;   16.34;    7.51;    2.18;  20.9;  15.9;   2.6; 113.50;    9;    55.5;   11.6;eor
       1766;19961001;19961031;   10;  5.10;   9.95;   14.77;    6.25;    1.96;  21.6;  20.6;   1.8; 109.60;    9;    67.8;   15.6;eor
       1766;19961101;19961130;   10;  6.67;   5.22;    7.44;    2.77;    2.69;  14.3;  21.1;  -3.0;  30.40;    9;   100.6;   29.9;eor
       1766;19961201;19961231;   10;  5.30;  -0.87;    1.56;   -3.28;    2.23;   8.8;  15.4; -15.7;  58.20;    9;    46.5;   18.1;eor
       1766;19970101;19970131;   10;  5.22;  -1.94;    0.85;   -4.89;    1.78;   9.9;  11.3; -21.5;  71.60;    9;     3.5;    1.2;eor
       1766;19970201;19970228;   10;  6.31;   5.86;    8.70;    2.52;    3.26;  15.6;  25.7;  -3.1;  54.10;    9;   100.0;   16.8;eor
       1766;19970301;19970331;   10;  5.62;   7.22;   11.61;    3.45;    2.45;  19.1;  27.3;  -3.2;  96.10;    9;    33.0;   10.6;eor
       1766;19970401;19970430;   10;  4.58;   7.42;   12.24;    2.43;    2.58;  16.7;  19.5;  -4.2; 175.20;    9;    36.5;   10.9;eor
       1766;19970501;19970531;   10;  5.23;  12.85;   17.98;    7.90;    2.28;  28.4;  14.9;   1.4; 196.50;    9;    81.1;   13.0;eor
       1766;19970601;19970630;   10;  4.67;  16.37;   21.88;   10.91;    2.33;  29.3;  17.0;   4.5; 237.60;    9;    80.6;   23.5;eor
       1766;19970701;19970731;   10;  5.62;  17.53;   23.06;   13.07;    1.86;  28.8;  19.5;   9.4; 169.40;    9;   100.8;   28.0;eor
       1766;19970801;19970831;   10;  4.14;  20.72;   26.56;   15.73;    1.91;  34.1;  18.0;   9.1; 230.20;    9;    74.9;   15.9;eor
       1766;19970901;19970930;   10;  4.28;  13.56;   19.78;    8.39;    1.94;  26.7;  17.0;   1.2; 182.10;    9;    23.6;   11.7;eor
       1766;19971001;19971031;   10;  4.81;   8.61;   13.60;    4.95;    2.34;  22.3;  22.6;  -6.9; 127.60;    9;    46.7;   11.7;eor
       1766;19971101;19971130;   10;  5.54;   5.54;    8.11;    3.14;    2.20;  14.8;  17.5;  -3.6;  55.40;    9;    30.3;    9.3;eor
       1766;19971201;19971231;   10;  6.50;   4.23;    6.36;    1.83;    2.79;  13.1;  19.5;  -8.3;  28.90;    9;    65.7;   12.1;eor
       1766;19980101;19980131;   10;  5.63;   4.37;    6.98;    1.91;    2.99;  14.1;  26.8;  -9.6;  65.70;    9;    46.6;   13.7;eor
       1766;19980201;19980228;   10;  5.77;   6.00;    9.21;    2.46;    2.84;  15.4;  20.1; -11.9;  69.20;    9;    11.3;    4.9;eor
       1766;19980301;19980331;   10;  6.14;   6.80;   10.87;    3.28;    2.87;  23.4;  26.2;  -4.0;  97.40;    9;    81.4;   23.7;eor
       1766;19980401;19980430;   10;  6.23;   9.19;   13.21;    5.86;    2.36;  22.4;  18.0;  -0.8;  82.70;    9;    97.4;   21.9;eor
       1766;19980501;19980531;   10;  4.71;  14.84;   19.72;    9.48;    2.35;  29.5;  14.4;   3.4; 204.90;    9;    62.7;   31.2;eor
       1766;19980601;19980630;   10;  6.03;  15.87;   20.76;   12.04;    2.32;  31.8;  22.1;   4.0; 138.50;    9;   141.2;   31.0;eor
       1766;19980701;19980731;   10;  5.92;  16.43;   21.05;   12.27;    2.64;  33.0;  17.5;   7.0; 129.30;    9;    49.4;    8.7;eor
       1766;19980801;19980831;   10;  4.93;  16.74;   22.43;   11.45;    2.35;  32.5;  16.5;   6.7; 190.20;    9;    48.9;   16.7;eor
       1766;19980901;19980930;   10;  5.38;  14.38;   18.70;   11.29;    2.21;  22.6;  18.5;   7.4; 101.10;    9;   178.0;   35.2;eor
       1766;19981001;19981031;   10;  6.55;   9.18;   12.08;    6.83;    3.12;  17.6;  23.1;   0.5;  45.00;    9;   186.1;   20.9;eor
       1766;19981101;19981130;   10;  5.96;   3.09;    5.67;    0.50;    2.15;  14.0;  18.0;  -7.3;  52.80;    9;    63.6;   14.5;eor
       1766;19981201;19981231;   10;  6.16;   3.27;    5.63;    0.61;    2.76;  13.6;  25.0; -12.3;  51.70;    9;    83.9;   13.2;eor
       1766;19990101;19990131;   10;  6.40;   4.83;    7.17;    2.16;    2.82;  14.7;  17.0;  -6.4;  39.70;    9;    65.5;   10.7;eor
       1766;19990201;19990228;   10;  6.11;   2.64;    5.13;    0.09;    3.01;  10.5;  26.0;  -8.4;  52.00;    9;    58.8;   13.1;eor
       1766;19990301;19990331;   10;  5.71;   6.89;   10.85;    3.32;    2.36;  18.4;  20.0;  -1.6; 116.60;    9;    74.7;   15.9;eor
       1766;19990401;19990430;   10;  5.01;  10.11;   14.90;    5.76;    2.49;  20.7;  16.0;  -1.2; 171.10;    9;    56.1;   10.9;eor
       1766;19990501;19990531;   10;  4.94;  14.10;   19.39;    8.96;    2.40;  28.1;  15.0;   3.4; 222.20;    9;    66.6;   16.1;eor
       1766;19990601;19990630;   10;  4.60;  15.73;   21.10;    9.64;    2.30;  28.8;  20.0;   5.2; 228.10;    9;    47.0;   10.2;eor
       1766;19990701;19990731;   10;  4.30;  19.93;   25.88;   13.87;    2.43;  32.2;  17.0;   8.8; 263.10;    9;    83.1;   32.3;eor
       1766;19990801;19990831;   10;  5.45;  17.60;   22.60;   12.78;    2.14;  31.5;  21.0;   6.8; 155.80;    9;    87.2;   18.4;eor
       1766;19990901;19990930;   10;  4.37;  17.73;   23.20;   13.24;    2.06;  31.1;  14.0;   8.1; 179.90;    9;    83.2;   23.7;eor
       1766;19991001;19991031;   10;  4.82;   9.99;   13.92;    6.74;    2.59;  18.1;  19.0;   0.9; 108.20;    9;    50.6;   14.1;eor
       1766;19991101;19991130;   10;  5.72;   5.54;    8.46;    2.75;    2.44;  17.2;  18.0;  -5.2;  59.00;    9;    46.7;    9.7;eor
       1766;19991201;19991231;   10;  6.19;   3.88;    6.02;    1.44;    3.29;  11.1;  26.0;  -6.2;  29.50;    9;   103.9;   18.9;eor
       1766;20000101;20000131;   10;  6.60;   3.41;    5.59;    0.91;    2.81;  11.0;  23.0; -10.0;  33.10;    9;    73.7;   18.9;eor
       1766;20000201;20000229;   10;  5.75;   5.08;    8.30;    2.36;    3.23;  13.0;  23.0;  -4.5;  77.90;    9;    89.4;   20.0;eor
       1766;20000301;20000331;   10;  6.68;   6.38;    9.56;    3.44;    2.95;  16.2;  20.0;  -2.0;  66.90;    9;    82.3;   24.2;eor
       1766;20000401;20000430;   10;  5.35;  10.68;   15.95;    5.54;    2.37;  25.3;  16.0;  -3.8; 169.70;    9;    43.2;   12.3;eor
       1766;20000501;20000531;   10;  5.34;  15.25;   20.67;    9.81;    2.45;  29.3;  25.0;   2.6; 227.90;    9;    51.5;    8.9;eor
       1766;20000601;20000630;   10;  4.85;  16.81;   22.17;   11.16;    2.50;  34.4;  15.0;   3.0; 235.90;    9;    45.3;   10.1;eor
       1766;20000701;20000731;   10;  6.43;  15.29;   19.56;   11.85;    2.37;  24.9;  15.0;   6.9;  90.90;    9;   142.0;   54.0;eor
       1766;20000801;20000831;   10;  4.80;  17.37;   22.78;   12.67;    1.91;  30.1;  14.0;   7.4; 192.10;    9;    86.9;   27.2;eor
       1766;20000901;20000930;   10;  5.51;  15.22;   19.41;   12.00;    2.01;  26.4;  16.0;   6.8; 100.60;    9;    63.1;   20.6;eor
       1766;20001001;20001031;   10;  5.62;  11.16;   14.87;    8.08;    2.55;  20.4;  20.0;   2.3;  88.10;    9;    71.5;   17.6;eor
       1766;20001101;20001130;   10;  5.74;   7.63;   10.48;    4.96;    2.64;  14.7;  16.0;   1.6;  60.80;    9;    46.5;   11.1;eor
       1766;20001201;20001231;   10;  5.53;   4.58;    6.80;    2.43;    2.77;  15.1;  24.0;  -8.1;  59.60;    9;    49.4;   11.4;eor
       1766;20010101;20010131;   10;  5.44;   2.28;    5.01;   -0.63;    2.16;  12.2;  16.0;  -9.4;  55.60;    9;    61.9;   20.2;eor
       1766;20010201;20010228;   10;  6.26;   3.95;    7.20;    1.04;    2.41;  14.8;  18.0;  -5.1;  78.70;    9;    64.6;   18.9;eor
       1766;20010301;20010331;   10;  6.60;   4.43;    7.62;    1.69;    2.35;  13.8;  16.0;  -3.4;  50.60;    9;    77.8;   18.0;eor
       1766;20010401;20010430;   10;  5.54;   7.96;   12.21;    3.65;    2.60;  22.1;  17.6;  -4.2; 118.30;    9;    78.6;   12.2;eor
       1766;20010501;20010531;   10;  4.36;  14.65;   20.26;    8.63;    2.52;  26.4;  18.3;   4.0; 275.80;    9;    29.2;    7.7;eor
       1766;20010601;20010630;   10;  5.74;  14.90;   20.02;    9.87;    2.23;  27.6;  17.7;   4.4; 172.10;    9;    99.7;   20.5;eor
       1766;20010701;20010731;   10;  4.95;  19.07;   24.36;   13.95;    2.35;  31.3;  22.1;   9.4; 226.00;    9;    42.2;   13.8;eor
       1766;20010801;20010831;   10;  4.58;  19.22;   24.41;   14.02;    2.23;  33.7;  16.1;   7.5; 205.40;    9;    66.2;   18.4;eor
       1766;20010901;20010930;   10;  6.33;  12.88;   16.40;    9.91;    2.57;  21.6;  17.9;   3.9;  61.50;    9;   114.2;   19.9;eor
       1766;20011001;20011031;   10;  5.37;  14.09;   17.98;   10.67;    2.39;  23.3;  19.8;   5.6; 105.20;    9;    47.9;   15.6;eor
       1766;20011101;20011130;   10;  6.25;   5.89;    8.47;    3.18;    2.30;  13.3;  18.4;  -5.2;  46.00;    9;    75.3;   12.8;eor
       1766;20011201;20011231;   10;  6.11;   2.10;    4.39;   -0.65;    2.58;  12.4;  22.6;  -8.9;  42.00;    9;    84.2;   16.1;eor
       1766;20020101;20020131;   10;  5.80;   3.80;    6.18;    1.45;    2.84;  14.1;  26.1;  -9.3;  61.00;    9;    54.1;   19.0;eor
       1766;20020201;20020228;   10;  5.67;   6.71;    9.95;    3.54;    3.71;  17.5;  25.9;  -3.6;  81.30;    9;   101.4;   16.9;eor
       1766;20020301;20020331;   10;  5.04;   6.57;   11.08;    1.97;    2.58;  18.4;  27.7;  -5.3; 154.60;    9;    42.5;    8.9;eor
       1766;20020401;20020430;   10;  5.13;   9.19;   13.76;    4.66;    2.43;  20.8;  21.4;  -2.4; 158.90;    9;    48.9;    9.4;eor
       1766;20020501;20020531;   10;  5.81;  14.04;   18.58;    9.34;    2.26;  25.1;  16.9;   3.8; 163.40;    9;    55.4;   20.8;eor
       1766;20020601;20020630;   10;  5.69;  17.41;   22.30;   12.28;    2.43;  36.0;  17.5;   4.6; 168.20;    9;    77.9;   21.3;eor
       1766;20020701;20020731;   10;  5.78;  17.90;   22.49;   13.85;    2.29;  32.5;  15.5;   9.3; 148.50;    9;   108.4;   26.7;eor
       1766;20020801;20020831;   10;  5.15;  19.23;   23.90;   15.12;    1.81;  31.0;  19.6;  11.4; 156.20;    9;   105.2;   29.1;eor
       1766;20020901;20020930;   10;  4.99;  14.42;   19.05;   10.13;    1.93;  28.0;  14.3;   4.3; 149.20;    9;    42.6;   20.5;eor
       1766;20021001;20021031;   10;  5.45;   8.88;   12.73;    5.18;    2.65;  19.4;  28.8;  -0.7; 107.30;    9;    95.1;   16.3;eor
       1766;20021101;20021130;   10;  6.28;   7.09;    9.81;    3.96;    2.13;  13.5;  15.6;  -1.6;  39.10;    9;    88.1;   22.1;eor
       1766;20021201;20021231;   10;  5.93;   1.50;    3.59;   -0.83;    2.06;  10.8;  12.0; -10.7;  43.30;    9;    79.4;   21.5;eor
       1766;20030101;20030131;   10;  6.32;   1.65;    4.18;   -1.22;    2.87;  10.2;  19.3; -12.8;  37.10;    9;    70.5;   19.9;eor
       1766;20030201;20030228;   10;  3.29;   0.81;    5.50;   -3.14;    2.00;  15.2;  13.9;  -9.3; 164.50;    9;    18.6;   10.6;eor
       1766;20030301;20030331;   10;  4.63;   7.21;   12.25;    2.13;    2.19;  20.0;  15.8;  -3.6; 164.60;    9;    29.2;   13.6;eor
       1766;20030401;20030430;   10;  4.27;   9.71;   15.16;    3.96;    2.50;  24.5;  20.3;  -5.9; 215.90;    9;    67.7;   23.1;eor
       1766;20030501;20030531;   10;  5.38;  13.97;   18.75;    8.89;    2.35;  28.3;  18.8;   2.3; 190.80;    9;    57.3;   12.8;eor
       1766;20030601;20030630;   10;  5.00;  18.83;   24.73;   12.52;    2.27;  31.2;  23.5;   8.1; 255.40;    9;    37.3;    9.4;eor
       1766;20030701;20030731;   10;  4.90;  19.39;   24.79;   13.81;    2.19;  34.5;  23.2;   8.9; 223.20;    9;    70.6;   14.9;eor
       1766;20030801;20030831;   10;  3.85;  20.51;   26.71;   13.83;    2.16;  37.5;  17.7;   8.3; 244.30;    9;    27.7;    9.8;eor
       1766;20030901;20030930;   10;  4.01;  14.37;   20.51;    8.37;    1.87;  28.6;  14.5;   2.9; 208.80;    9;    95.4;   43.9;eor
       1766;20031001;20031031;   10;  4.45;   6.70;   10.97;    2.50;    2.26;  16.6;  16.1;  -6.0; 120.80;    9;    56.6;   12.9;eor
       1766;20031101;20031130;   10;  5.79;   7.84;   10.69;    5.11;    2.37;  15.5;  17.4;  -1.9;  75.40;    9;    40.5;   11.7;eor
       1766;20031201;20031231;   10;  5.30;   3.39;    6.51;    0.03;    2.61;  12.0;  27.1;  -8.0;  57.70;    9;    63.2;   19.0;eor
       1766;20040101;20040131;   10;  6.85;   2.47;    4.66;    0.33;    2.90;  11.9;  23.0;  -5.6;  22.30;    9;   111.9;   14.1;eor
       1766;20040201;20040229;   10;  5.97;   4.08;    6.93;    1.20;    3.00;  16.6;  22.1;  -7.7;  54.50;    9;    53.4;   12.4;eor
       1766;20040301;20040331;   10;  4.82;   5.39;    9.73;    0.94;    2.45;  21.6;  28.8;  -7.7; 114.80;    9;    30.3;    9.4;eor
       1766;20040401;20040430;   10;  5.09;  10.55;   15.49;    5.23;    2.23;  22.2;  17.5;  -0.8; 172.10;    9;    54.9;   10.9;eor
       1766;20040501;20040531;   10;  5.37;  12.13;   16.90;    6.82;    2.23;  24.3;  13.6;   1.6; 147.50;    9;    76.8;   23.9;eor
       1766;20040601;20040630;   10;  5.68;  15.70;   20.78;   10.23;    2.53;  28.3;  23.9;   5.2; 156.40;    9;    41.7;    9.1;eor
       1766;20040701;20040731;   10;  5.45;  17.03;   21.90;   12.54;    2.35;  29.2;  19.2;   8.7; 186.50;    9;   113.6;   18.5;eor
       1766;20040801;20040831;   10;  4.79;  19.48;   24.62;   14.93;    2.26;  32.0;  17.4;   8.7; 204.50;    9;   105.2;   23.8;eor
       1766;20040901;20040930;   10;  4.49;  15.15;   20.01;   10.33;    2.67;  27.4;  20.1;   4.5; 195.30;    9;    66.7;   10.0;eor
       1766;20041001;20041031;   10;  5.08;  11.25;   15.10;    7.51;    2.26;  21.3;  18.1;   2.2; 128.30;    9;    32.7;   11.4;eor
       1766;20041101;20041130;   10;  5.88;   5.25;    8.28;    1.89;    2.20;  13.1;  19.7;  -4.2;  64.00;    9;    82.5;   19.9;eor
       1766;20041201;20041231;   10;  6.09;   2.63;    5.12;    0.04;    2.13;   9.7;  16.6;  -6.6;  64.20;    9;    54.8;   21.3;eor
       1766;20050101;20050131;   10;  5.84;   4.12;    6.72;    1.47;    3.26;  15.1;  27.0;  -9.9;  59.70;    9;    60.6;   14.6;eor
       1766;20050201;20050228;   10;  5.75;   1.24;    4.02;   -1.34;    2.43;  10.9;  22.8; -10.1;  71.90;    9;    53.7;   11.1;eor
       1766;20050301;20050331;   10;  6.06;   5.98;    9.77;    2.24;    2.48;  20.8;  18.0; -12.8; 125.50;    9;    71.4;   20.0;eor
       1766;20050401;20050430;   10;  4.89;  10.59;   15.49;    5.45;    2.17;  21.4;  18.6;  -0.6; 171.90;    9;    43.7;   12.9;eor
       1766;20050501;20050531;   10;  5.29;  13.10;   18.04;    7.59;    2.26;  31.9;  15.4;   0.9; 203.50;    9;   118.6;   25.6;eor
       1766;20050601;20050630;   10;  5.05;  16.66;   21.94;   10.89;    2.23;  31.9;  17.4;   4.3; 253.80;    9;    45.7;   11.3;eor
       1766;20050701;20050731;   10;  5.61;  18.20;   23.37;   13.39;    2.32;  31.2;  21.9;   9.1; 183.50;    9;    86.0;   20.4;eor
       1766;20050801;20050831;   10;  5.33;  16.14;   20.91;   11.48;    2.13;  29.7;  14.3;   8.4; 158.30;    9;    80.4;   15.5;eor
       1766;20050901;20050930;   10;  4.10;  15.87;   21.49;   10.77;    1.90;  28.7;  16.7;   2.8; 208.30;    9;    89.5;   25.6;eor
       1766;20051001;20051031;   10;  3.47;  12.68;   17.76;    8.41;    2.00;  22.3;  15.4;   4.6; 186.20;    9;    43.4;   13.0;eor
       1766;20051101;20051130;   10;  5.98;   5.83;    8.55;    2.87;    2.20;  19.4;  17.7;  -3.9;  62.00;    9;    61.5;   22.0;eor
       1766;20051201;20051231;   10;  6.71;   3.11;    4.92;    0.94;    2.58;   9.1;  20.4;  -3.8;  36.40;    9;    40.2;    7.2;eor
       1766;20060101;20060131;   10;  5.15;   0.12;    2.96;   -3.19;    1.97;   9.2;  16.1; -10.0;  86.30;    9;    20.6;    4.6;eor
       1766;20060201;20060228;   10;  6.77;   1.32;    3.50;   -0.80;    2.29;   9.6;  16.4;  -6.1;  50.30;    9;    42.7;    7.5;eor
       1766;20060301;20060331;   10;  5.54;   3.07;    6.77;   -0.41;    2.48;  18.2;  19.1;  -8.0; 118.40;    9;    69.2;   11.9;eor
       1766;20060401;20060430;   10;  5.62;   8.84;   13.25;    4.31;    2.53;  24.0;  19.0;  -2.2; 134.70;    9;    57.3;    8.6;eor
       1766;20060501;20060531;   10;  5.15;  14.54;   19.29;    9.35;    2.52;  26.4;  20.6;   1.8; 208.80;    9;    87.7;   19.6;eor
       1766;20060601;20060630;   10;  4.91;  17.27;   22.30;   11.68;    2.03;  31.2;  15.7;   5.4; 236.70;    9;    22.3;    9.7;eor
       1766;20060701;20060731;   10;  3.61;  22.93;   29.57;   16.15;    2.03;  35.7;  15.9;   8.8; 329.30;    9;    36.3;    9.2;eor
       1766;20060801;20060831;   10;  5.79;  16.39;   21.31;   12.51;    2.42;  26.5;  15.0;   6.7; 127.00;    9;    86.1;   21.3;eor
       1766;20060901;20060930;   10;  4.53;  18.12;   23.68;   13.05;    2.13;  29.4;  16.8;   6.0; 193.50;    9;    10.2;    7.9;eor
       1766;20061001;20061031;   10;  5.63;  13.68;   17.47;   10.14;    2.52;  22.8;  18.8;   4.6;  98.40;    9;    55.1;    7.4;eor
       1766;20061101;20061130;   10;  5.73;   8.50;   11.43;    4.91;    2.73;  18.1;  17.8;  -1.7;  49.50;    9;    56.2;   10.1;eor
       1766;20061201;20061231;   10;  6.62;   6.21;    8.18;    3.96;    2.81;  15.9;  23.7;  -2.3;  29.70;    9;    48.5;    9.0;eor
       1766;20070101;20070131;   10;  6.28;   6.19;    8.67;    3.53;    3.68;  14.2;  30.9;  -8.3;  33.80;    9;   114.7;   38.0;eor
       1766;20070201;20070228;   10;  6.71;   5.29;    8.15;    2.58;    2.32;  13.2;  20.7;  -4.9;  32.40;    9;    76.6;   11.9;eor
       1766;20070301;20070331;   10;  4.38;   7.56;   12.38;    2.91;    2.68;  19.0;  23.9;  -1.8; 139.80;    9;    43.5;    7.4;eor
       1766;20070401;20070430;   10;  3.64;  13.13;   19.45;    6.35;    2.27;  28.0;  13.2;  -1.7; 263.00;    9;     1.4;    1.0;eor
       1766;20070501;20070531;   10;  4.99;  14.45;   19.02;    9.38;    2.42;  25.8;  18.5;   4.3; 194.70;    9;   154.1;   40.6;eor
       1766;20070601;20070630;   10;  6.05;  17.85;   22.64;   13.51;    2.33;  31.2;  19.2;   9.2; 154.90;    9;    83.7;   29.3;eor
       1766;20070701;20070731;   10;  5.50;  17.49;   22.04;   13.06;    2.58;  32.3;  19.2;   8.9; 165.80;    9;    99.1;   14.6;eor
       1766;20070801;20070831;   10;  5.17;  17.34;   22.07;   12.56;    2.32;  31.4;  16.4;   7.0; 198.10;    9;    60.2;   26.6;eor
       1766;20070901;20070930;   10;  5.53;  13.69;   18.05;    9.62;    2.47;  23.6;  18.0;   5.8; 123.00;    9;    94.9;   22.6;eor
       1766;20071001;20071031;   10;  5.33;   9.66;   13.44;    5.65;    1.87;  18.7;  17.3;  -2.2; 104.10;    9;    54.2;   23.3;eor
       1766;20071101;20071130;   10;  6.28;   6.02;    8.54;    3.38;    2.57;  13.9;  18.2;  -2.7;  34.10;    9;    69.6;   11.5;eor
       1766;20071201;20071231;   10;  5.64;   3.24;    5.59;    0.72;    2.65;  13.7;  21.6;  -8.6;  58.10;    9;    83.0;   20.3;eor
       1766;20080101;20080131;   10;  6.35;   5.84;    8.16;    3.20;    3.16;  13.2;  19.9;  -5.3;  32.90;    9;   110.1;   21.1;eor
       1766;20080201;20080229;   10;  4.64;   4.64;    8.88;    0.72;    2.62;  15.1;  19.8;  -6.7; 118.40;    9;    47.7;   17.8;eor
       1766;20080301;20080331;   10;  6.17;   5.55;    9.28;    2.02;    3.23;  18.0;  24.5;  -4.1;  98.40;    9;    62.6;   12.2;eor
       1766;20080401;20080430;   10;  5.47;   8.42;   13.05;    3.52;    2.30;  21.8;  17.0;  -2.7; 140.80;    9;    33.6;   10.8;eor
       1766;20080501;20080531;   10;  3.85;  15.58;   20.96;    9.25;    2.10;  26.7;  15.0;   2.8; 272.60;    9;    39.9;   10.5;eor
       1766;20080601;20080630;   10;  4.92;  17.27;   22.72;   11.61;    2.37;  30.0;  23.8;   5.8; 233.00;    9;    51.2;   18.9;eor
       1766;20080701;20080731;   10;  5.49;  18.61;   23.89;   13.67;    2.32;  33.9;  17.0;   9.9; 189.40;    9;   117.8;   36.0;eor
       1766;20080801;20080831;   10;  5.62;  17.85;   22.50;   13.67;    2.55;  30.3;  19.0;   8.2; 154.80;    9;   137.7;   65.2;eor
       1766;20080901;20080930;   10;  4.99;  13.34;   18.18;    8.46;    2.20;  26.4;  15.8;   2.0; 147.40;    9;    43.9;   21.3;eor
       1766;20081001;20081031;   10;  5.77;   9.75;   13.60;    5.87;    2.35;  20.5;  23.1;  -1.5; 108.57;    9;    42.1;   12.1;eor
       1766;20081101;20081130;   10;  6.38;   6.18;    8.45;    3.33;    2.43;  15.8;  18.2;  -5.6;  27.30;    9;    53.8;   10.3;eor
       1766;20081201;20081231;   10;  5.07;   1.85;    4.20;   -0.86;    2.10;  10.2;  12.3; -10.7;  65.40;    9;    25.6;    4.6;eor
       1766;20090101;20090131;   10;  5.22;  -0.49;    2.77;   -3.94;    2.03;   8.8;  18.8; -14.2;  80.80;    9;    33.0;   14.0;eor
       1766;20090201;20090228;   10;  6.55;   2.57;    5.22;   -0.15;    2.32;  10.3;  13.9;  -6.5;  36.90;    9;    52.8;    9.8;eor
       1766;20090301;20090331;   10;  5.68;   5.62;    9.62;    1.24;    2.52;  14.3;  19.7;  -3.3; 106.30;    9;    58.8;   10.9;eor
       1766;20090401;20090430;   10;  4.00;  13.30;   19.33;    7.06;    1.97;  24.2;  14.5;   0.7; 228.50;    9;    36.7;    8.4;eor
       1766;20090501;20090531;   10;  4.75;  14.13;   19.65;    7.88;    2.42;  25.7;  22.2;   3.8; 228.20;    9;    48.0;   19.9;eor
       1766;20090601;20090630;   10;  5.08;  15.59;   20.79;   10.45;    2.33;  28.9;  16.4;   4.0; 192.40;    9;    67.6;   16.7;eor
       1766;20090701;20090731;   10;  5.04;  18.47;   24.09;   12.98;    2.32;  32.2;  17.8;   8.6; 214.20;    9;   116.1;   24.8;eor
       1766;20090801;20090831;   10;  4.38;  18.81;   25.11;   12.38;    1.97;  37.0;  16.1;   7.9; 232.90;    9;    25.6;   11.0;eor
       1766;20090901;20090930;   10;  4.74;  14.81;   20.41;    9.68;    2.13;  28.3;  18.1;   4.7; 151.00;    9;    38.0;    9.8;eor
       1766;20091001;20091031;   10;  5.42;   9.43;   13.18;    5.02;    2.23;  21.1;  17.6;  -2.2;  92.20;    9;    87.7;   46.8;eor
       1766;20091101;20091130;   10;  6.28;   9.39;   11.81;    6.66;    2.93;  17.3;  24.7;  -0.3;  34.90;    9;   103.6;   20.1;eor
       1766;20091201;20091231;   10;  6.17;   1.63;    3.80;   -1.17;    2.39;  11.6;  17.8; -16.6;  39.90;    9;    71.8;    9.2;eor
       1766;20100101;20100131;   10;  6.74;  -1.79;    0.04;   -4.24;    2.16;   5.5;  15.0; -15.8;  28.40;    9;    29.9;    6.4;eor
       1766;20100201;20100228;   10;  6.65;   0.84;    3.56;   -1.99;    2.46;  11.8;  24.0;  -9.7;  27.40;    9;    49.3;   14.1;eor
       1766;20100301;20100331;   10;  5.61;   5.56;    9.89;    1.44;    2.48;  21.2;  16.4;  -7.9; 109.80;    9;    49.7;   13.6;eor
       1766;20100401;20100430;   10;  4.32;   9.66;   15.41;    3.28;    2.33;  26.0;  20.1;  -2.4; 218.90;    9;     8.4;    1.9;eor
       1766;20100501;20100531;   10;  5.88;  10.65;   15.39;    5.83;    2.29;  25.0;  17.2;  -0.3; 135.40;    9;    39.0;   11.0;eor
       1766;20100601;20100630;   10;  4.35;  17.32;   23.27;   10.19;    2.17;  31.5;  19.1;   5.4; 270.70;    9;    12.2;    5.7;eor
       1766;20100701;20100731;   10;  4.71;  21.23;   27.79;   14.53;    2.00;  35.9;  22.3;   6.6; 271.20;    9;    54.2;    8.1;eor
       1766;20100801;20100831;   10;  5.70;  17.00;   21.87;   12.59;    2.29;  27.5;  18.0;   7.7; 137.20;    9;   267.0;  140.1;eor
       1766;20100901;20100930;   10;  5.49;  13.19;   17.19;    8.88;    2.00;  23.3;  17.0;   2.2; 115.00;    9;    60.8;   12.4;eor
       1766;20101001;20101031;   10;  5.06;   9.75;   13.75;    5.75;    2.19;  23.6;  15.6;  -1.0; 103.50;    9;    38.5;   10.3;eor
       1766;20101101;20101130;   10;  6.69;   5.52;    7.45;    3.15;    2.23;  15.2;  19.6;  -5.6;  35.40;    9;    70.0;   16.5;eor
       1766;20101201;20101231;   10;  6.53;  -3.07;   -0.78;   -6.75;    2.16;   6.6;  15.2; -14.8;  29.70;    9;    56.7;    9.0;eor
       1766;20110101;20110131;   10;  6.11;   2.40;    4.87;   -0.12;    2.29;  12.5;  16.3;  -8.3;  42.50;    9;    62.6;   12.6;eor
       1766;20110201;20110228;   10;  6.31;   3.20;    5.80;    0.58;    2.46;  12.6;  20.2;  -7.8;  58.50;    9;    31.4;   10.2;eor
       1766;20110301;20110331;   10;  3.91;   5.11;   10.38;   -0.07;    2.03;  16.7;  14.6;  -4.7; 186.00;    9;     8.0;    2.9;eor
       1766;20110401;20110430;   10;  3.45;  12.31;   18.46;    5.63;    2.17;  25.3;  16.9;  -1.2; 249.80;    9;    28.9;   13.2;eor
       1766;20110501;20110531;   10;  4.75;  14.45;   20.29;    8.27;    2.45;  30.0;  20.0;  -0.7; 252.60;    9;    32.1;   10.8;eor
       1766;20110601;20110630;   10;  5.47;  17.07;   22.32;   11.78;    2.47;  33.6;  20.5;   3.9; 195.80;    9;    57.1;   12.4;eor
       1766;20110701;20110731;   10;  6.19;  16.56;   21.47;   11.82;    2.48;  28.1;  18.6;   8.2; 126.30;    9;    36.1;   10.3;eor
       1766;20110801;20110831;   10;  5.69;  17.81;   22.90;   13.04;    2.35;  29.7;  15.9;   6.9; 152.40;    9;    84.5;   14.9;eor
       1766;20110901;20110930;   10;  4.95;  15.84;   20.80;   10.81;    2.13;  29.1;  24.0;   5.3; 156.00;    9;    48.1;   21.9;eor
       1766;20111001;20111031;   10;  4.38;  10.61;   15.61;    5.92;    2.19;  28.4;  17.1;   0.4; 142.80;    9;    57.4;   15.2;eor
       1766;20111101;20111130;   10;  4.32;   5.88;   10.64;    1.48;    1.77;  20.4;  19.6;  -5.0; 111.20;    9;     0.4;    0.3;eor
       1766;20111201;20111231;   10;  6.65;   5.58;    7.83;    3.39;    3.32;  12.5;  20.5;   0.1;  32.00;    9;   104.8;   18.4;eor
       1766;20120101;20120131;   10;  5.66;   3.54;    6.27;    0.98;    2.97;  13.6;  30.9;  -8.0;  62.50;    9;    86.7;   19.7;eor
       1766;20120201;20120229;   10;  5.24;  -0.10;    3.03;   -3.95;    2.55;  10.7;  15.1; -15.8;  81.40;    9;    16.6;    5.6;eor
       1766;20120301;20120331;   10;  5.04;   8.24;   12.88;    3.11;    2.23;  19.9;  13.9;  -1.0; 143.50;    9;    18.4;    6.1;eor
       1766;20120401;20120430;   10;  6.20;   8.62;   13.08;    4.26;    2.53;  25.2;  15.3;  -3.2; 108.50;    9;    36.3;    8.7;eor
       1766;20120501;20120531;   10;  5.15;  15.22;   20.67;    9.24;    2.23;  31.1;  14.3;  -0.7; 214.20;    9;    16.7;    6.2;eor
       1766;20120601;20120630;   10;  6.06;  15.11;   19.58;   10.24;    2.30;  28.2;  17.9;   3.5; 127.80;    9;    80.9;   12.7;eor
       1766;20120701;20120731;   10;  5.21;  17.60;   22.67;   12.29;    2.32;  31.7;  16.7;   6.2; 210.20;    9;    91.8;   22.2;eor
       1766;20120801;20120831;   10;  5.03;  19.27;   24.98;   13.66;    2.03;  37.5;  20.3;   9.0; 222.80;    9;    38.3;    8.3;eor
       1766;20120901;20120930;   10;  5.05;  13.72;   19.07;    8.27;    2.13;  30.8;  16.7;   0.3; 137.40;    9;    47.8;   13.0;eor
       1766;20121001;20121031;   10;  5.28;   9.78;   14.32;    5.72;    2.06;  23.0;  18.8;  -4.6; 114.10;    9;    60.1;   15.4;eor
       1766;20121101;20121130;   10;  5.80;   6.37;    9.16;    2.97;    2.17;  13.9;  23.5;  -2.6;  55.30;    9;    27.3;    5.0;eor
       1766;20121201;20121231;   10;  6.55;   4.03;    6.22;    1.56;    2.58;  13.2;  19.1;  -7.6;  30.50;    9;    90.2;   16.5;eor
       1766;20130101;20130131;   10;  6.78;   1.41;    3.21;   -1.11;    2.68;  13.5;  20.7; -12.0;  13.10;    9;    49.5;    8.4;eor
       1766;20130201;20130228;   10;  6.48;   0.87;    3.06;   -1.37;    2.32;   9.4;  18.2;  -5.2;  37.40;    9;    31.0;    6.7;eor
       1766;20130301;20130331;   10;  5.63;   1.12;    4.59;   -2.30;    2.29;  17.2;  15.9;  -9.7; 108.70;    9;    26.9;   13.4;eor
       1766;20130401;20130430;   10;  5.38;   8.65;   13.42;    3.40;    2.43;  22.9;  16.9;  -5.4; 150.50;    9;    28.0;    7.9;eor
       1766;20130501;20130531;   10;  5.59;  12.15;   16.85;    6.92;    2.32;  25.0;  23.0;   0.7; 151.20;    9;    44.8;   11.8;eor
       1766;20130601;20130630;   10;  5.61;  16.15;   21.52;   10.46;    2.47;  33.3;  18.7;   5.1; 193.10;    9;    47.3;   16.7;eor
       1766;20130701;20130731;   10;  4.65;  19.76;   25.95;   13.23;    2.00;  34.4;  16.3;   8.7; 247.20;    9;    35.2;   15.0;eor
       1766;20130801;20130831;   10;  4.82;  18.62;   24.67;   12.34;    2.00;  36.6;  13.7;   8.1; 219.30;    9;    33.1;    6.8;eor
       1766;20130901;20130930;   10;  5.34;  14.23;   18.71;    9.87;    2.20;  33.2;  18.9;   2.1; 112.80;    9;   102.1;   24.4;eor
       1766;20131001;20131031;   10;  5.47;  11.94;   15.74;    8.05;    2.26;  22.5;  22.2;   2.7; 103.60;    9;    70.6;   20.4;eor
       1766;20131101;20131130;   10;  6.43;   5.70;    8.29;    2.69;    2.20;  14.3;  17.1;  -5.3;  33.00;    9;    64.0;   18.2;eor
       1766;20131201;20131231;   10;  6.18;   5.33;    7.96;    2.35;    2.61;  13.1;  24.2;  -2.5;  43.30;    9;    51.5;   18.1;eor
       1766;20140101;20140131;   10;  5.94;   4.45;    6.88;    1.88;    2.29;  12.5;  26.6;  -4.6;  54.40;    9;    43.7;    9.0;eor
       1766;20140201;20140228;   10;  5.59;   6.16;    9.63;    2.64;    2.68;  14.6;  21.5;  -1.4;  81.90;    9;    37.5;    7.2;eor
       1766;20140301;20140331;   10;  4.37;   8.17;   14.05;    2.51;    2.13;  22.4;  16.5;  -2.9; 178.10;    9;    14.4;    4.1;eor
       1766;20140401;20140430;   10;  5.46;  12.06;   17.22;    6.55;    2.03;  23.3;  18.9;  -2.0; 154.20;    9;    43.9;    8.0;eor
       1766;20140501;20140531;   10;  5.58;  13.04;   17.59;    8.03;    2.19;  28.0;  19.0;  -0.3; 163.50;    9;   105.6;   23.2;eor
       1766;20140601;20140630;   10;  5.06;  15.99;   21.19;   10.37;    1.93;  29.7;  23.3;   6.0; 189.00;    9;    63.4;   21.1;eor
       1766;20140701;20140731;   10;  5.05;  19.99;   25.64;   14.59;    2.00;  34.3;  15.7;   7.0; 235.50;    9;   119.1;   20.3;eor
       1766;20140801;20140831;   10;  5.22;  16.19;   21.42;   11.50;    2.26;  29.3;  16.6;   4.5; 167.80;    9;    84.5;    9.9;eor
       1766;20140901;20140930;   10;  4.64;  15.71;   20.77;   10.53;    1.80;  26.2;  19.9;   4.7; 137.80;    9;    32.7;   17.3;eor
       1766;20141001;20141031;   10;  5.86;  13.04;   16.88;    9.22;    2.03;  23.4;  15.8;   3.7;  81.30;    9;    51.0;    9.0;eor
       1766;20141101;20141130;   10;  5.94;   7.93;   10.89;    5.03;    1.83;  19.6;  16.7;  -1.2;  70.00;    9;    47.2;   14.1;eor
       1766;20141201;20141231;   10;  6.66;   4.18;    6.06;    1.89;    2.87;  12.5;  20.0;  -5.6;  17.40;    9;    56.9;   12.5;eor
       1766;20150101;20150131;   10;  6.24;   3.41;    5.72;    0.98;    2.90;  13.1;  24.8;  -4.9;  32.70;    9;    70.3;   14.8;eor
       1766;20150201;20150228;   10;  5.01;   2.48;    5.62;   -1.11;    2.29;  10.8;  16.8;  -6.8;  90.50;    9;    34.7;    9.6;eor
       1766;20150301;20150331;   10;  5.27;   5.97;   10.54;    1.34;    2.48;  18.6;  28.5;  -3.4; 129.50;    9;    56.1;   14.9;eor
       1766;20150401;20150430;   10;  4.85;   8.98;   14.87;    2.51;    2.20;  23.1;  22.3;  -2.2; 209.20;    9;    38.5;   15.1;eor
       1766;20150501;20150531;   10;  5.51;  12.46;   17.87;    6.44;    2.48;  25.5;  23.9;  -0.1; 171.00;    9;    36.9;    7.7;eor
       1766;20150601;20150630;   10;  5.09;  15.98;   21.17;    9.71;    2.40;  32.7;  17.3;   3.9; 215.00;    9;    29.3;    7.2;eor
       1766;20150701;20150731;   10;  4.98;  19.26;   24.69;   13.40;    2.68;  37.3;  26.2;   5.8; 215.10;    9;    69.3;   23.5;eor
       1766;20150801;20150831;   10;  5.39;  19.25;   24.70;   13.68;    2.03;  33.2;  18.5;   8.2; 222.40;    9;   199.1;   43.4;eor
       1766;20150901;20150930;   10;  5.00;  13.61;   18.02;    9.41;    2.37;  21.5;  18.0;   2.9; 136.40;    9;    64.9;   10.3;eor
       1766;20151001;20151031;   10;  5.56;   9.51;   13.21;    5.80;    1.68;  19.4;  10.5;   0.8; 112.90;    9;    53.5;   16.2;eor
       1766;20151101;20151130;   10;  6.07;   9.16;   12.29;    6.05;    3.23;  18.9;  26.1;  -1.9;  73.90;    9;    98.3;   15.6;eor
       1766;20151201;20151231;   10;  6.22;   9.20;   11.78;    6.53;    3.03;  14.9;  19.9;   1.2;  60.10;    9;    40.3;    8.9;eor
       1766;20160101;20160131;   10;  6.22;   3.22;    5.63;    0.48;    2.68;  13.5;  18.3;  -9.1;  49.40;    9;    76.6;   11.0;eor
       1766;20160201;20160229;   10;  5.47;   4.01;    7.23;    0.84;    3.07;  12.2;  23.1;  -6.0;  87.20;    9;    73.0;   19.3;eor
       1766;20160301;20160331;   10;  5.66;   4.87;    8.37;    0.87;    2.55;  15.2;  20.6;  -5.9;  92.60;    9;    45.1;    8.6;eor
       1766;20160401;20160430;   10;  4.95;   8.64;   13.48;    3.45;    2.57;  20.7;  21.4;  -1.1; 175.50;    9;    51.2;   10.7;eor
       1766;20160501;20160531;   10;  4.86;  14.99;   20.13;    9.67;    2.42;  26.0;  14.4;   0.6; 219.20;    9;    23.1;    6.0;eor
       1766;20160601;20160630;   10;  5.83;  17.37;   22.49;   12.90;    2.10;  33.0;  17.0;   8.2; 173.30;    9;   200.9;   66.3;eor
       1766;20160701;20160731;   10;  5.43;  18.82;   23.95;   13.74;    2.32;  34.2;  20.9;   7.8; 196.30;    9;    79.1;   29.3;eor
       1766;20160801;20160831;   10;  4.37;  17.95;   23.24;   12.25;    2.26;  32.6;  16.5;   5.3; 211.00;    9;    51.2;   11.0;eor
       1766;20160901;20160930;   10;  4.38;  17.72;   24.25;   11.45;    1.77;  32.9;  15.3;   5.0; 221.00;    9;    10.1;    6.3;eor
       1766;20161001;20161031;   10;  5.91;   8.99;   12.57;    4.81;    1.81;  17.8;-999;   0.0;  64.50;    9;    52.4;   20.4;eor
       1766;20161101;20161130;   10;  5.77;   4.73;    7.91;    1.47;    2.17;  14.1;  18.7;  -8.6;  60.10;    9;    49.2;   13.7;eor
       1766;20161201;20161231;   10;  5.26;   3.91;    7.03;    0.75;    2.16;  11.2;  18.2;  -8.4;  66.70;    9;    26.4;    8.5;eor
       1766;20170101;20170131;   10;  5.66;   0.42;    3.27;   -2.53;    2.19;  11.0;  18.3;  -9.7;  77.00;    9;    52.5;   14.7;eor
       1766;20170201;20170228;   10;  6.10;   4.55;    7.65;    1.54;    2.61;  13.4;  26.6;  -3.4;  56.70;    9;    49.8;   15.8;eor
       1766;20170301;20170331;   10;  6.04;   8.75;   13.39;    4.15;    2.61;  23.9;  21.4;  -1.0; 147.60;    9;    38.9;    8.7;eor
       1766;20170401;20170430;   10;  5.01;   8.01;   13.40;    2.01;    2.53;  22.2;  15.6;  -4.0; 137.60;    9;    14.4;    3.4;eor
       1766;20170501;20170531;   10;  5.30;  15.37;   20.92;    9.15;    2.16;  33.1;  13.5;  -1.0; 201.50;    9;    30.3;   13.6;eor
       1766;20170601;20170630;   10;  5.54;  18.41;   24.06;   12.05;    2.53;  35.6;  17.5;   6.4; 194.00;    9;    52.0;   15.1;eor
       1766;20170701;20170731;   10;  5.99;  18.51;   23.61;   13.51;    2.35;  32.1;  22.5;   7.4; 187.50;    9;   119.7;   21.3;eor
       1766;20170801;20170831;   10;  5.18;  17.57;   22.76;   12.16;    2.06;  29.5;  16.1;   7.1; 167.90;    9;    52.6;    9.9;eor
       1766;20170901;20170930;   10;  5.50;  13.73;   18.27;    9.41;    2.23;  23.9;  23.3;   5.7; 116.10;    9;    73.6;   19.8;eor
       1766;20171001;20171031;   10;  5.65;  12.49;   16.20;    8.82;    2.77;  24.7;  22.6;   2.3;  90.50;    9;    57.8;   12.3;eor
       1766;20171101;20171130;   10;  5.87;   6.37;    9.14;    3.41;    2.43;  15.0;  17.7;  -2.8;  38.90;    9;    66.4;   16.4;eor
       1766;20171201;20171231;   10;  7.05;   4.31;    6.17;    2.28;    3.06;  14.3;  20.7;  -3.1;  13.70;    9;   104.6;   12.9;eor
       1766;20180101;20180131;   10;  6.53;   5.04;    7.40;    2.50;    3.06;  13.9;  35.0;  -1.9;  23.10;    9;   101.5;   13.7;eor
       1766;20180201;20180228;   10;  4.16;  -0.47;    3.06;   -3.53;    2.32;   7.3;  15.8; -10.4; 132.90;    9;    16.9;    3.8;eor
       1766;20180301;20180331;   10;  5.92;   4.24;    8.35;    0.11;    2.48;  16.4;  18.3;  -9.5; 123.60;    9;    47.8;   15.6;eor
       1766;20180401;20180430;   10;  5.53;  13.10;   18.45;    6.68;    2.37;  28.4;  18.0;  -1.9; 183.70;    9;    34.4;    7.0;eor
       1766;20180501;20180531;   10;  4.11;  17.19;   23.45;   10.32;    2.10;  31.9;  17.8;   1.8; 302.70;    9;    50.1;   40.3;eor
       1766;20180601;20180630;   10;  5.09;  17.89;   23.22;   12.34;    2.30;  30.8;  17.5;   6.8; 199.30;    9;    36.5;   14.0;eor
       1766;20180701;20180731;   10;  3.31;  21.53;   28.59;   13.65;    2.03;  36.0;  15.9;   8.6; 334.70;    9;     8.9;    4.0;eor
       1766;20180801;20180831;   10;  4.74;  19.93;   26.38;   13.44;    2.42;  37.5;  17.8;   5.3; 222.00;    9;    43.1;   13.8;eor
       1766;20180901;20180930;   10;  4.74;  15.26;   21.38;    9.28;    2.13;  31.5;  21.6;   0.5; 180.90;    9;    29.1;   12.0;eor
       1766;20181001;20181031;   10;  4.85;  11.47;   17.04;    6.30;    2.23;  28.3;  19.9;  -0.3; 169.20;    9;    30.1;   10.6;eor
       1766;20181101;20181130;   10;  5.44;   6.38;    9.66;    2.63;    2.03;  17.7;  15.3;  -3.0;  80.30;    9;    18.8;    4.4;eor
       1766;20181201;20181231;   10;  6.55;   5.41;    7.56;    2.86;    2.71;  13.4;  21.3;  -3.4;  35.20;    9;    98.5;   18.5;eor
       1766;20190101;20190131;   10;  6.43;   2.28;    4.74;   -0.57;    2.68;   8.9;  20.7;  -8.9;  50.70;    9;    78.9;   10.3;eor
       1766;20190201;20190228;   10;  5.08;   5.69;   10.79;    0.96;    2.39;  19.0;  20.9;  -2.7; 110.00;    9;    25.8;   13.0;eor
       1766;20190301;20190331;   10;  5.84;   7.65;   11.73;    3.61;    3.10;  19.9;  24.5;  -2.1;  88.10;    9;    83.8;   18.6;eor
       1766;20190401;20190430;   10;  4.21;  11.02;   16.19;    5.23;    2.27;  26.1;  18.0;  -2.6; 235.10;    9;    30.1;    9.8;eor
       1766;20190501;20190531;   10;  5.44;  11.94;   17.31;    5.80;    2.48;  25.4;  14.9;  -1.0; 170.10;    9;    24.2;    6.7;eor
       1766;20190601;20190630;   10;  4.59;  20.09;   26.17;   13.52;    2.30;  34.7;  22.5;   9.4; 301.10;    9;    68.5;   17.5;eor
       1766;20190701;20190731;   10;  5.09;  19.56;   25.71;   13.29;    2.23;  40.0;  18.0;   6.4; 211.00;    9;    23.2;    7.2;eor
       1766;20190801;20190831;   10;  4.34;  19.63;   25.90;   13.40;    2.23;  34.6;  18.5;   6.7; 231.80;    9;    47.2;   12.4;eor
       1766;20190901;20190930;   10;  5.34;  14.50;   19.62;    9.22;    2.40;  27.3;  20.1;   3.0; 152.10;    9;    68.6;   26.4;eor
       1766;20191001;20191031;   10;  5.82;  11.75;   15.38;    8.37;    2.48;  22.3;  18.0;  -0.8; 100.30;    9;    89.1;   15.8;eor
       1766;20191101;20191130;   10;  6.11;   5.63;    8.73;    2.34;    2.07;  15.9;  16.3;  -2.4;  45.10;    9;    76.5;   29.0;eor
       1766;20191201;20191231;   10;  5.94;   5.27;    7.86;    2.38;    2.45;  15.2;  19.0;  -3.7;  46.30;    9;    60.4;   13.4;eor
       1766;20200101;20200131;   10;  6.34;   5.22;    7.65;    2.16;    2.71;  13.4;-999;  -5.2;  30.40;    9;    26.1;    3.9;eor
       1766;20200201;20200229;   10;  6.20;   6.67;    9.69;    3.43;    3.69;  18.3;  27.3;  -1.6;  58.80;    9;   126.6;   17.9;eor
       1766;20200301;20200331;   10;  4.69;   6.70;   10.78;    2.45;    2.71;  16.6;  22.5;  -5.2; 173.10;    9;    50.4;    7.3;eor
       1766;20200401;20200430;   10;  3.30;  11.35;   17.86;    4.16;    2.17;  24.0;  15.1;  -4.4; 298.20;    9;     5.9;    2.8;eor
       1766;20200501;20200531;   10;  4.22;  12.80;   19.21;    5.17;    2.23;  26.2;  14.9;  -0.9; 257.00;    9;    17.0;    4.9;eor
       1766;20200601;20200630;   10;  5.39;  18.11;   23.12;   12.71;    2.20;  29.4;  16.3;   7.4; 217.40;    9;    76.8;   22.0;eor
       1766;20200701;20200731;   10;  5.39;  17.30;   22.35;   11.61;    2.26;  30.8;  18.5;   7.1; 178.40;    9;    45.3;   14.7;eor
       1766;20200801;20200831;   10;  4.95;  20.75;   26.70;   14.72;    2.16;  35.6;  19.4;   8.3; 214.00;    9;    49.9;   11.3;eor
       1766;20200901;20200930;   10;  4.26;  14.87;   20.93;    8.91;    1.93;  31.5;  13.2;   5.1; 192.20;    9;    38.2;   21.0;eor
       1766;20201001;20201031;   10;  6.32;  11.31;   14.47;    8.29;    2.55;  20.1;  17.8;   1.7;  51.10;    9;    75.7;   12.4;eor
       1766;20201101;20201130;   10;  4.96;   7.87;   11.71;    3.90;    2.13;  19.9;  19.9;  -5.0;  91.10;    9;    39.9;    8.0;eor
       1766;20201201;20201231;   10;  6.76;   5.15;    7.16;    2.82;    2.32;  13.7;  21.6;  -1.3;  25.00;    9;    68.6;   13.7;eor
       1766;20210101;20210131;   10;  7.10;   2.55;    4.75;    0.16;    2.55;  12.4;  27.1;  -5.3;  28.70;    9;    72.3;   11.8;eor
       1766;20210201;20210228;   10;  5.51;   2.98;    7.36;   -1.45;    2.29;  19.1;  17.0; -17.3; 101.10;    9;    56.1;   15.2;eor
       1766;20210301;20210331;   10;  5.09;   6.10;   10.79;    1.40;    2.55;  24.5;  27.1;  -5.6; 129.60;    9;    41.7;    7.7;eor
       1766;20210401;20210430;   10;  5.04;   6.68;   11.84;    1.39;    2.53;  19.5;  18.0;  -3.1; 180.00;    9;    31.2;   12.7;eor
       1766;20210501;20210531;   10;  5.62;  11.40;   16.41;    6.35;    2.68;  29.2;  25.2;  -1.2; 155.20;    9;    81.0;   15.1;eor
       1766;20210601;20210630;   10;  5.41;  19.66;   25.08;   13.74;    2.10;  35.5;  15.9;   6.7; 241.10;    9;    52.7;   18.0;eor
       1766;20210701;20210731;   10;  5.59;  18.68;   23.73;   13.75;    2.19;  27.5;  18.5;   9.6; 163.40;    9;    95.5;   23.4;eor
       1766;20210801;20210831;   10;  5.65;  17.04;   22.05;   12.54;    2.39;  26.8;  15.1;   7.1; 143.70;    9;    58.6;   10.6;eor
       1766;20210901;20210930;   10;  4.95;  15.80;   21.05;   10.48;    2.00;  28.6;  14.4;   5.3; 165.60;    9;    36.9;   25.2;eor
       1766;20211001;20211031;   10;  5.39;  11.06;   15.48;    6.83;    2.42;  19.6;  20.6;   0.5; 101.90;    9;    43.9;    7.4;eor
       1766;20211101;20211130;   10;  6.44;   6.32;    8.78;    3.51;    2.13;  13.5;  14.7;  -2.4;  44.30;    9;    22.9;    7.0;eor
       1766;20211201;20211231;   10;  6.87;   4.35;    6.59;    1.88;    2.39;  14.5;  18.0;  -5.3;  22.70;    9;    44.0;    6.1;eor
       1766;20220101;20220131;   10;  6.80;   4.62;    6.75;    2.46;    2.71;  14.4;  20.9;  -3.2;  26.50;    9;    42.0;   10.6;eor
       1766;20220201;20220228;   10;  5.75;   6.10;    9.24;    2.62;    3.64;  12.7;  34.0;  -3.4;  80.10;    9;    98.2;   14.1;eor
       1766;20220301;20220331;   10;  2.94;   6.79;   12.98;    0.37;    1.90;  19.1;  14.6;  -4.0; 256.00;    9;    15.3;    6.4;eor
       1766;20220401;20220430;   10;  4.97;   8.92;   13.73;    3.70;    2.67;  21.4;  30.5;  -3.6; 202.30;    9;    49.8;   18.4;eor
       1766;20220501;20220531;   10;  5.41;  14.83;   20.93;    8.11;    2.42;  30.3;  29.2;   2.6; 226.40;    9;    32.6;   11.0;eor
       1766;20220601;20220630;   10;  4.78;  18.19;   24.41;   10.91;    2.37;  32.8;  19.0;   4.7; 253.40;    9;    28.1;    7.1;eor
       1766;20220701;20220731;   10;  5.21;  19.25;   25.29;   12.36;    2.32;  38.0;-999;   7.0; 229.40;    9;    41.5;   21.7;eor
       1766;20220801;20220831;   10;  3.95;  21.03;   27.58;   13.82;    1.97;  34.2;  15.3;   7.6; 282.10;    3;    18.0;   11.1;eor
       1766;20220901;20220930;    9;  -999;  14.65;   20.00;   10.16;-999;  30.4;-999;   3.1; 161.50;    3;    74.8;   11.0;eor
       1766;20221001;20221031;    9;  -999;  12.76;   17.94;    7.84;-999;  22.8;  17.0;   1.8; 134.70;    3;    22.0;    7.1;eor
       1766;20221101;20221130;    9;  5.97;   7.94;   11.32;    4.33;    2.23;  18.6;  16.1;  -7.3;  89.30;    3;    42.7;    9.8;eor
       1766;20221201;20221231;    9;  6.70;   3.25;    5.61;    0.43;    2.26;  17.0;  19.4; -10.9;  37.70;    3;    91.5;   22.4;eor
       1766;20230101;20230131;    9;  -999;   5.20;    7.16;    2.93;    3.10;  17.0;  21.3;  -5.4;  27.10;    3;    69.2;   11.5;eor
       1766;20230201;20230228;    9;  -999;   4.89;    8.46;    1.08;    2.46;  13.0;  19.2;  -5.4;  83.30;    3;    44.9;   12.7;eor
       1766;20230301;20230331;    9;  6.68;   6.45;   10.07;    2.86;    2.84;  17.5;  20.9;  -5.2;  86.70;    3;   111.1;   19.7;eor
       1766;20230401;20230430;    3;  5.64;   8.82;   13.67;    3.52;    2.53;  22.7;  17.8;  -3.1; 159.10;    3;    46.1;   11.0;eor
       1766;20230501;20230531;    3;  -999;  13.89;   19.68;    7.89;    2.42;  25.9;  16.5;   0.0; 243.50;    3;    47.2;   31.7;eor
       1766;20230601;20230630;    3;  3.58;  19.82;   25.96;   12.78;    2.20;  31.0;  17.1;   7.0; 303.36;    3;    40.8;   36.7;eor
       1766;20230701;20230731;    3;  5.89;  18.71;   23.95;   13.71;    2.71;  34.7;  21.1;   9.1; 201.15;    3;    96.0;   18.0;eor
       1766;20230801;20230831;    3;  5.71;  17.86;   23.13;   13.18;    2.16;  29.8;  17.5;   8.8; 165.65;    3;   121.8;   26.7;eor
       1766;20230901;20230930;    3;  4.70;  17.92;   23.95;   12.00;    1.87;  31.2;  20.4;   7.3; 230.13;    3;    80.9;   32.9;eor
       1766;20231001;20231031;    3;  6.77;  12.97;   16.43;    9.86;    2.55;  24.3;  17.7;   3.7;  73.30;    3;   136.2;   24.5;eor
       1766;20231101;20231130;    3;  6.88;   7.00;    9.68;    4.21;    2.90;  15.4;  20.4;  -2.7;  31.48;    3;   123.1;   15.3;eor
       1766;20231201;20231231;    3;  7.35;   5.95;    7.90;    3.60;    3.06;  13.0;  22.8;  -4.0;   9.20;    3;   133.1;   15.9;eor
