STATIONS_ID;MESS_DATUM_BEGINN;MESS_DATUM_ENDE;QN_4;MO_N;MO_TT;MO_TX;MO_TN;MO_FK;MX_TX;MX_FX;MX_TN;MO_SD_S;QN_6;MO_RR;MX_RS;eor
       1078;19390801;19390831;    5;  -999;  18.80;    -999;   13.80;-999;-999;-999;-999;-999;    5;    40.0;-999;eor
       1078;19390901;19390930;    5;  -999;  14.80;    -999;   11.10;-999;-999;-999;-999;-999;    5;    66.0;-999;eor
       1078;19391001;19391031;    5;  -999;   8.20;    -999;    5.60;-999;-999;-999;-999;-999;    5;    85.0;-999;eor
       1078;19391101;19391130;    5;  -999;   8.00;    -999;    5.70;-999;-999;-999;-999;-999;    5;   135.0;-999;eor
       1078;19391201;19391231;    5;  -999;   1.40;    -999;   -0.90;-999;-999;-999;-999;-999;    5;    43.0;-999;eor
       1078;19400101;19400131;    5;  -999;  -6.10;    -999;  -10.60;-999;-999;-999;-999;-999;    5;    25.0;-999;eor
       1078;19400201;19400229;    5;  -999;   0.30;    -999;   -3.20;-999;-999;-999;-999;-999;    5;    31.0;-999;eor
       1078;19400301;19400331;    5;  -999;   5.90;    -999;    2.60;-999;-999;-999;-999;-999;    5;   109.0;-999;eor
       1078;19400401;19400430;    5;  -999;   9.90;    -999;    6.10;-999;-999;-999;-999;-999;    5;    63.0;-999;eor
       1078;19400501;19400531;    5;  -999;  14.40;    -999;    9.10;-999;-999;-999;-999;-999;    5;    44.0;-999;eor
       1078;19400601;19400630;    5;  -999;  17.90;    -999;   12.10;-999;-999;-999;-999;-999;    5;    69.0;-999;eor
       1078;19400701;19400731;    5;  -999;  17.10;    -999;   13.20;-999;-999;-999;-999;-999;    5;   117.0;-999;eor
       1078;19400801;19400831;    5;  -999;  16.00;    -999;   12.10;-999;-999;-999;-999;-999;    5;    38.0;-999;eor
       1078;19400901;19400930;    5;  -999;  13.60;    -999;    9.90;-999;-999;-999;-999;-999;    5;    64.0;-999;eor
       1078;19401001;19401031;    5;  -999;   9.40;    -999;    5.90;-999;-999;-999;-999;-999;    5;    23.0;-999;eor
       1078;19401101;19401130;    5;  -999;   7.40;    -999;    5.10;-999;-999;-999;-999;-999;    5;   142.0;-999;eor
       1078;19401201;19401231;    5;  -999;   0.00;    -999;   -2.30;-999;-999;-999;-999;-999;    5;    95.0;-999;eor
       1078;19410101;19410131;    5;  -999;  -2.00;    -999;   -4.20;-999;-999;-999;-999;-999;    5;    38.0;-999;eor
       1078;19410201;19410228;    5;  -999;   2.40;    -999;    0.00;-999;-999;-999;-999;-999;    5;    45.0;-999;eor
       1078;19410301;19410331;    5;  -999;   6.00;    -999;    2.40;-999;-999;-999;-999;-999;    5;    81.0;-999;eor
       1078;19410401;19410430;    5;  -999;   7.90;    -999;    4.00;-999;-999;-999;-999;-999;    5;    22.0;-999;eor
       1078;19410501;19410531;    5;  -999;  10.60;    -999;    5.60;-999;-999;-999;-999;-999;    5;    57.0;-999;eor
       1078;19410601;19410630;    5;  -999;  18.10;    -999;   12.70;-999;-999;-999;-999;-999;    5;    54.0;-999;eor
       1078;19410701;19410731;    5;  -999;  20.20;    -999;   15.10;-999;-999;-999;-999;-999;    5;    46.0;-999;eor
       1078;19410801;19410831;    5;  -999;  15.80;    -999;   12.60;-999;-999;-999;-999;-999;    5;   108.0;-999;eor
       1078;19410901;19410930;    5;  -999;  14.40;    -999;    9.80;-999;-999;-999;-999;-999;    5;    21.0;-999;eor
       1078;19411001;19411031;    5;  -999;   9.90;    -999;    6.50;-999;-999;-999;-999;-999;    5;    87.0;-999;eor
       1078;19411101;19411130;    5;  -999;   5.00;    -999;    2.60;-999;-999;-999;-999;-999;    5;    37.0;-999;eor
       1078;19411201;19411231;    5;  -999;   4.10;    -999;    1.60;-999;-999;-999;-999;-999;    5;    76.0;-999;eor
       1078;19420101;19420131;    5;  -999;  -5.10;    -999;   -8.50;-999;-999;-999;-999;-999;    5;    46.0;-999;eor
       1078;19420201;19420228;    5;  -999;  -3.70;    -999;   -6.40;-999;-999;-999;-999;-999;    5;    22.0;-999;eor
       1078;19420301;19420331;    5;  -999;   4.90;    -999;    1.00;-999;-999;-999;-999;-999;    5;    27.0;-999;eor
       1078;19420401;19420430;    5;  -999;  10.20;    -999;    5.10;-999;-999;-999;-999;-999;    5;    26.0;-999;eor
       1078;19420501;19420531;    5;  -999;  13.40;    -999;    8.80;-999;-999;-999;-999;-999;    5;    59.0;-999;eor
       1078;19420601;19420630;    5;  -999;  16.10;    -999;   10.40;-999;-999;-999;-999;-999;    5;    54.0;-999;eor
       1078;19420701;19420731;    5;  -999;  17.20;    -999;   13.40;-999;-999;-999;-999;-999;    5;   146.0;-999;eor
       1078;19420801;19420831;    5;  -999;  19.20;    -999;   14.90;-999;-999;-999;-999;-999;    5;    15.0;-999;eor
       1078;19420901;19420930;    5;  -999;  16.50;    -999;   12.10;-999;-999;-999;-999;-999;    5;    43.0;-999;eor
       1078;19421001;19421031;    5;  -999;  12.60;    -999;    9.60;-999;-999;-999;-999;-999;    5;    61.0;-999;eor
       1078;19421101;19421130;    5;  -999;   5.10;    -999;    2.60;-999;-999;-999;-999;-999;    5;    50.0;-999;eor
       1078;19421201;19421231;    5;  -999;   4.90;    -999;    2.60;-999;-999;-999;-999;-999;    5;    53.0;-999;eor
       1078;19430101;19430131;    5;  -999;   3.30;    -999;    0.80;-999;-999;-999;-999;-999;    5;    56.0;-999;eor
       1078;19430201;19430228;    5;  -999;   4.20;    -999;    1.50;-999;-999;-999;-999;-999;    5;    38.0;-999;eor
       1078;19430301;19430331;    5;  -999;   7.50;    -999;    2.20;-999;-999;-999;-999;-999;    5;    24.0;-999;eor
       1078;19430401;19430430;    5;  -999;  11.40;    -999;    6.50;-999;-999;-999;-999;-999;    5;    49.0;-999;eor
       1078;19430501;19430531;    5;  -999;  14.70;    -999;    8.70;-999;-999;-999;-999;-999;    5;    62.0;-999;eor
       1078;19430601;19430630;    5;  -999;  15.40;    -999;   10.50;-999;-999;-999;-999;-999;    5;    58.0;-999;eor
       1078;19430701;19430731;    5;  -999;  19.10;    -999;   12.70;-999;-999;-999;-999;-999;    5;    28.0;-999;eor
       1078;19430801;19430831;    5;  -999;  18.80;    -999;   13.90;-999;-999;-999;-999;-999;    5;    91.0;-999;eor
       1078;19430901;19430930;    5;  -999;  14.70;    -999;   10.30;-999;-999;-999;-999;-999;    5;    54.0;-999;eor
       1078;19431001;19431031;    5;  -999;  11.60;    -999;    7.60;-999;-999;-999;-999;-999;    5;    21.0;-999;eor
       1078;19431101;19431130;    5;  -999;   5.10;    -999;    2.10;-999;-999;-999;-999;-999;    5;    81.0;-999;eor
       1078;19431201;19431231;    5;  -999;   1.90;    -999;   -0.60;-999;-999;-999;-999;-999;    5;    50.0;-999;eor
       1078;19440101;19440131;    5;  -999;   5.70;    -999;    2.90;-999;-999;-999;-999;-999;    5;    87.0;-999;eor
       1078;19440201;19440229;    5;  -999;   1.20;    -999;   -1.60;-999;-999;-999;-999;-999;    5;    52.0;-999;eor
       1078;19440301;19440331;    5;  -999;   3.20;    -999;   -0.40;-999;-999;-999;-999;-999;    5;    28.0;-999;eor
       1078;19440401;19440430;    5;  -999;  10.90;    -999;    5.80;-999;-999;-999;-999;-999;    5;    21.0;-999;eor
       1078;19440501;19440531;    5;  -999;  12.90;    -999;    5.70;-999;-999;-999;-999;-999;    5;    32.0;-999;eor
       1078;19440601;19440630;    5;  -999;  15.40;    -999;   10.70;-999;-999;-999;-999;-999;    5;    79.0;-999;eor
       1078;19440701;19440731;    5;  -999;  18.00;    -999;   13.20;-999;-999;-999;-999;-999;    5;   114.0;-999;eor
       1078;19440801;19440831;    5;  -999;  21.10;    -999;   15.00;-999;-999;-999;-999;-999;    5;    26.0;-999;eor
       1078;19440901;19440930;    5;  -999;  13.90;    -999;    8.80;-999;-999;-999;-999;-999;    5;    71.0;-999;eor
       1078;19441001;19441031;    5;  -999;  10.00;    -999;    6.50;-999;-999;-999;-999;-999;    5;    91.0;-999;eor
       1078;19441101;19441130;    5;  -999;   6.20;    -999;    3.80;-999;-999;-999;-999;-999;    5;   145.0;-999;eor
       1078;19441201;19441231;    5;  -999;   2.70;    -999;    0.60;-999;-999;-999;-999;-999;    5;    73.0;-999;eor
       1078;19690701;19690731;    5;  4.81;  19.62;   24.69;   14.43;    2.15;  33.3;-999;  10.0;-999;    5;    65.3;   17.2;eor
       1078;19690801;19690831;    5;  5.17;  17.81;   22.81;   13.59;    2.31;  31.1;-999;   8.0;-999;    5;   165.0;   32.7;eor
       1078;19690901;19690930;    5;  3.91;  14.97;   19.72;   10.46;    2.17;  27.4;-999;   3.4;-999;    5;    19.3;    5.0;eor
       1078;19691001;19691031;    5;  4.32;  12.92;   17.74;    8.60;    2.29;  23.7;-999;   4.0;-999;    5;    15.9;    4.4;eor
       1078;19691101;19691130;    5;  5.97;   7.01;    9.84;    4.22;    3.69;  15.8;-999;  -2.4;-999;    5;    62.7;   11.7;eor
       1078;19691201;19691231;    5;  6.50;  -1.21;    0.87;   -3.73;    2.55;   6.6;-999;  -9.5;-999;    5;    27.3;   11.3;eor
       1078;19700101;19700131;    5;  6.20;   1.51;    3.59;   -0.87;    2.96;   8.8;-999;  -9.2;  40.00;    5;    68.0;   18.9;eor
       1078;19700201;19700228;    5;  6.27;   1.31;    4.09;   -1.74;    3.28;  10.5;-999; -10.3;  49.80;    5;   125.3;   21.3;eor
       1078;19700301;19700331;    5;  5.63;   3.34;    6.79;    0.06;    3.02;  14.9;-999;  -6.2;  96.60;    5;    82.3;   27.8;eor
       1078;19700401;19700430;    5;  6.11;   6.66;   10.30;    3.85;    3.01;  19.5;-999;  -2.6;  84.90;    5;    79.1;    9.6;eor
       1078;19700501;19700531;    5;  5.35;  13.76;   18.41;    8.64;    2.24;  24.2;-999;   2.0; 171.00;    5;    45.4;    9.1;eor
       1078;19700601;19700630;    5;  3.39;  18.35;   23.95;   11.62;    2.28;  31.4;-999;   5.1; 259.40;    5;    46.8;   17.1;eor
       1078;19700701;19700731;    5;  5.37;  16.85;   21.48;   12.49;    2.68;  29.2;-999;   9.1; 168.90;    5;   113.8;   21.4;eor
       1078;19700801;19700831;    5;  4.13;  18.21;   23.24;   13.09;    1.96;  28.4;-999;   8.8; 205.70;    5;    54.7;   20.9;eor
       1078;19700901;19700930;    5;  4.59;  15.33;   20.27;   11.45;    2.66;  24.2;-999;   3.0; 167.70;    5;    56.9;    9.2;eor
       1078;19701001;19701031;    5;  6.03;  11.00;   14.36;    7.81;    2.86;  26.0;-999;   1.1;  94.40;    5;    73.7;   17.2;eor
       1078;19701101;19701130;    5;  5.74;   8.42;   11.03;    5.38;    3.59;  15.4;-999;  -1.1;  70.90;    5;    66.2;   15.3;eor
       1078;19701201;19701231;    5;  5.71;   2.35;    4.54;   -0.16;    2.58;  11.2;-999; -14.5;  36.30;    5;    36.1;    9.5;eor
       1078;19710101;19710131;    5;  5.72;   3.05;    5.39;    0.25;    3.26;  10.8;  22.7; -15.2;  58.10;    5;    54.1;   11.3;eor
       1078;19710201;19710228;    5;  6.15;   4.00;    6.48;    1.24;    2.80;   9.0;  19.1;  -7.2;  57.30;    5;    38.5;    7.1;eor
       1078;19710301;19710331;    5;  5.19;   2.95;    6.46;   -0.74;    2.77;  12.6;  17.0; -16.1; 102.20;    5;    47.0;    6.4;eor
       1078;19710401;19710430;    5;  4.21;   9.87;   15.24;    4.02;    2.25;  26.3;  13.9;  -1.9; 181.70;    5;    32.2;   16.0;eor
       1078;19710501;19710531;    5;  4.67;  15.74;   21.00;   10.12;    2.12;  27.5;  20.9;   1.4; 219.80;    5;    99.9;   30.1;eor
       1078;19710601;19710630;    5;  6.00;  15.15;   19.89;   10.74;    2.42;  27.2;  17.8;   7.1; 133.40;    5;   151.5;   20.0;eor
       1078;19710701;19710731;    5;  3.72;  19.25;   24.88;   12.59;    2.20;  32.0;  19.0;   5.4; 284.00;    5;    26.8;   12.1;eor
       1078;19710801;19710831;    5;  4.81;  18.48;   24.14;   14.00;    2.61;  30.5;  25.1;   7.0; 195.00;    5;    49.9;   11.5;eor
       1078;19710901;19710930;    5;  3.83;  13.69;   19.73;    8.19;    1.76;  25.6;  14.0;   0.7; 170.80;    5;    23.4;   18.7;eor
       1078;19711001;19711031;    5;  3.63;  10.96;   16.16;    6.17;    2.47;  23.5;  20.8;  -3.0; 146.20;    5;    24.4;    9.4;eor
       1078;19711101;19711130;    5;  6.03;   5.48;    8.25;    2.55;    2.80;  17.1;  21.0;  -7.0;  47.70;    5;    89.0;   24.8;eor
       1078;19711201;19711231;    5;  6.26;   5.89;    7.71;    3.39;    2.80;  12.8;  15.6;  -2.6;  36.20;    5;    16.7;    6.1;eor
       1078;19720101;19720131;    5;  5.53;   1.29;    3.60;   -1.19;    2.83;   9.0;  20.7; -11.6;  55.60;    5;    30.3;    7.4;eor
       1078;19720201;19720229;    5;  5.62;   5.09;    8.07;    1.93;    2.56;  14.0;  15.8;  -7.3;  63.90;    5;    23.8;    8.1;eor
       1078;19720301;19720331;    5;  3.60;   7.52;   12.82;    2.10;    2.80;  20.7;  23.6;  -5.6; 183.60;    5;    49.9;   16.5;eor
       1078;19720401;19720430;    5;  6.08;   8.54;   12.43;    4.48;    3.01;  20.5;  20.0;  -0.7; 106.10;    5;    48.5;    6.9;eor
       1078;19720501;19720531;    5;  5.75;  12.81;   17.19;    8.38;    2.65;  25.6;  19.0;   3.3; 161.50;    5;   107.5;   24.8;eor
       1078;19720601;19720630;    5;  5.67;  15.19;   19.94;   10.62;    2.30;  28.4;  16.2;   7.0; 153.10;    5;    61.4;   21.3;eor
       1078;19720701;19720731;    5;  5.06;  18.50;   23.26;   13.77;    2.15;  33.7;  14.4;   7.8; 164.50;    5;    84.9;   19.4;eor
       1078;19720801;19720831;    5;  4.92;  16.67;   21.66;   11.82;    2.21;  29.5;  18.0;   7.8; 158.70;    5;    67.8;   15.8;eor
       1078;19720901;19720930;    5;  4.44;  12.20;   17.14;    7.46;    1.90;  25.0;  12.1;   1.1; 137.00;    5;    77.6;   31.9;eor
       1078;19721001;19721031;    5;  3.62;   9.20;   14.41;    4.35;    2.28;  22.1;  16.7;  -2.8; 166.10;    5;    15.3;    6.6;eor
       1078;19721101;19721130;    5;  6.49;   6.21;    8.20;    3.89;    3.04;  13.7;  31.0;  -1.2;  32.50;    5;    56.9;   16.4;eor
       1078;19721201;19721231;    5;  4.56;   4.38;    6.75;    1.66;    2.95;  13.1;  16.8;  -6.6;  93.40;    5;    28.7;   10.4;eor
       1078;19730101;19730131;    5;  6.52;   2.99;    4.84;    0.92;    2.29;   8.9;  16.2;  -8.2;  39.70;    5;    25.8;    5.5;eor
       1078;19730201;19730228;    5;  6.51;   2.99;    5.55;    0.28;    2.81;   8.9;  18.5;  -8.6;  50.70;    5;    43.9;    9.8;eor
       1078;19730301;19730331;    5;  4.63;   5.81;   10.43;    1.63;    2.52;  21.0;  15.3;  -4.0; 137.70;    5;    18.3;    6.1;eor
       1078;19730401;19730430;    5;  5.50;   6.80;   11.04;    2.43;    3.03;  19.4;  32.8;  -2.0; 129.00;    5;    71.0;   15.3;eor
       1078;19730501;19730531;    5;  5.26;  13.51;   18.71;    8.61;    2.85;  25.0;  23.0;   1.9; 207.00;    5;    71.2;   13.8;eor
       1078;19730601;19730630;    5;  4.34;  17.88;   23.40;   12.10;    2.51;  33.4;  23.9;   5.9; 262.10;    5;    35.3;    9.1;eor
       1078;19730701;19730731;    5;  4.99;  18.44;   23.63;   13.45;    2.61;  33.4;  16.4;   7.5; 191.20;    5;    51.3;   17.6;eor
       1078;19730801;19730831;    5;  3.38;  19.65;   25.89;   13.60;    2.28;  32.0;  19.8;   7.1; 257.80;    5;    43.3;   14.9;eor
       1078;19730901;19730930;    5;  4.68;  15.95;   21.72;   11.32;    2.53;  32.4;  22.8;   4.3; 148.20;    5;    32.4;    9.9;eor
       1078;19731001;19731031;    5;  4.56;   9.51;   14.22;    5.25;    2.44;  25.0;  18.8;  -1.7; 118.60;    5;    60.5;   21.3;eor
       1078;19731101;19731130;    5;  5.50;   5.70;    8.56;    2.64;    3.43;  16.0;  22.7;  -4.8;  58.90;    5;    49.6;    7.7;eor
       1078;19731201;19731231;    5;  5.91;   3.11;    5.19;    0.30;    3.26;  10.1;  23.5; -13.1;  48.00;    5;    68.6;   10.2;eor
       1078;19740101;19740131;    5;  5.99;   6.07;    8.15;    3.49;    3.60;  13.5;  28.5;  -6.0;  32.20;    5;    76.2;   13.6;eor
       1078;19740201;19740228;    5;  5.51;   5.29;    8.25;    2.16;    3.07;  14.2;  27.1;  -3.7;  76.70;    5;    44.0;   14.0;eor
       1078;19740301;19740331;    5;  5.55;   6.97;   10.86;    3.18;    2.54;  18.7;  22.7;  -3.5; 103.80;    5;    60.8;   12.5;eor
       1078;19740401;19740430;    5;  3.60;  10.24;   15.60;    4.04;    2.53;  23.5;  16.9;   0.0; 233.30;    5;    16.3;    6.8;eor
       1078;19740501;19740531;    5;  5.54;  12.60;   17.57;    7.45;    2.53;  26.5;  16.9;   1.7; 174.90;    5;    37.0;    9.7;eor
       1078;19740601;19740630;    5;  5.10;  16.01;   21.32;   10.47;    2.39;  28.0;  19.5;   5.1; 193.40;    5;   100.2;   28.7;eor
       1078;19740701;19740731;    5;  5.91;  16.64;   21.11;   12.45;    2.91;  26.4;  25.4;   8.0; 141.10;    5;    90.1;   18.5;eor
       1078;19740801;19740831;    5;  4.25;  17.94;   23.84;   12.57;    2.30;  33.2;  17.2;   7.4; 226.90;    5;    55.7;   11.5;eor
       1078;19740901;19740930;    5;  5.19;  14.37;   18.75;   10.69;    3.14;  27.1;  20.0;   4.7; 124.70;    5;   109.2;   20.4;eor
       1078;19741001;19741031;    5;  6.59;   7.45;   10.34;    4.79;    2.73;  14.1;  20.4;  -0.7;  49.90;    5;   109.2;   26.9;eor
       1078;19741101;19741130;    5;  6.58;   7.18;    9.68;    4.46;    3.37;  15.9;  25.4;  -2.9;  30.60;    5;   109.2;   21.9;eor
       1078;19741201;19741231;    5;  6.75;   7.36;    9.15;    4.88;    3.85;  13.5;  23.7;  -0.4;  25.40;    5;   126.8;   17.7;eor
       1078;19750101;19750131;    5;  6.28;   7.23;    9.24;    4.74;    3.68;  14.3;  21.0;   0.2;  53.30;    5;    72.4;   10.8;eor
       1078;19750201;19750228;    5;  3.57;   4.41;    8.87;    0.35;    2.47;  13.7;  14.8;  -6.4; 162.20;    5;    22.9;   14.2;eor
       1078;19750301;19750331;    5;  6.33;   5.66;    8.74;    2.82;    2.80;  16.1;  21.6;  -2.4;  78.70;    5;    72.9;   15.6;eor
       1078;19750401;19750430;    5;  5.83;   8.74;   12.68;    4.62;    2.72;  24.8;  19.6;  -0.7; 123.10;    5;    51.3;   14.0;eor
       1078;19750501;19750531;    5;  5.26;  12.55;   17.66;    7.26;    2.54;  24.5;  22.2;   2.4; 191.10;    5;    24.1;    8.2;eor
       1078;19750601;19750630;    5;  5.06;  15.99;   21.01;   10.56;    2.41;  28.0;  19.7;   2.7; 199.90;    5;    69.6;   19.0;eor
       1078;19750701;19750731;    5;  4.83;  19.72;   25.29;   13.91;    2.35;  33.0;  20.8;   7.7; 232.80;    5;    46.6;   11.6;eor
       1078;19750801;19750831;    5;  3.55;  20.98;   27.12;   15.01;    2.19;  33.3;  16.9;   8.8; 261.30;    5;    33.3;   11.1;eor
       1078;19750901;19750930;    5;  4.98;  16.84;   21.76;   12.46;    2.55;  27.0;  27.0;   5.5; 133.00;    5;    75.1;   14.5;eor
       1078;19751001;19751031;    5;  5.36;   9.31;   13.25;    5.72;    2.42;  19.3;  17.1;  -1.2; 117.80;    5;    22.8;    5.6;eor
       1078;19751101;19751130;    5;  5.90;   6.01;    8.46;    3.35;    2.84;  16.3;  27.5;  -2.8;  68.90;    5;    84.7;   14.3;eor
       1078;19751201;19751231;    5;  6.22;   3.11;    4.84;    0.28;    2.68;   9.1;  20.3; -10.1;  32.70;    5;    29.7;    7.5;eor
       1078;19760101;19760131;    5;  6.01;   4.05;    6.44;    1.40;    3.53;  12.1;  33.0; -14.6;  40.60;    5;    99.4;   14.9;eor
       1078;19760201;19760229;    5;  5.30;   4.01;    6.61;    0.38;    2.87;  15.5;  16.2; -10.6;  74.20;    5;    38.0;   18.7;eor
       1078;19760301;19760331;    5;  3.85;   4.00;    8.44;   -0.59;    2.68;  15.3;  22.0;  -6.8; 171.80;    5;    21.0;    7.7;eor
       1078;19760401;19760430;    5;  3.70;   8.67;   13.73;    2.86;    2.62;  21.0;  19.8;  -3.3; 209.30;    5;    10.8;    4.4;eor
       1078;19760501;19760531;    5;  4.46;  14.72;   20.76;    8.73;    2.52;  31.6;  20.3;   1.2; 238.80;    5;    64.9;   13.5;eor
       1078;19760601;19760630;    5;  3.26;  19.45;   25.10;   12.16;    2.36;  34.1;  18.0;   2.4; 290.50;    5;    18.1;    9.9;eor
       1078;19760701;19760731;    5;  4.15;  20.98;   27.11;   14.36;    2.38;  36.6;  16.2;   8.8; 252.20;    5;    73.2;   33.8;eor
       1078;19760801;19760831;    5;  3.21;  18.24;   24.38;   12.20;    2.25;  30.5;  15.6;   7.6; 265.60;    5;    22.3;    6.3;eor
       1078;19760901;19760930;    5;  5.43;  14.97;   19.54;   10.64;    2.21;  23.5;  19.3;   6.0; 115.60;    5;    39.1;    7.1;eor
       1078;19761001;19761031;    5;  5.56;  12.21;   15.69;    9.05;    2.73;  23.3;  17.3;  -0.4; 100.50;    5;    36.6;    7.9;eor
       1078;19761101;19761130;    5;  6.60;   7.18;    9.24;    4.55;    2.94;  13.2;  18.9;  -4.2;  27.50;    5;    63.8;   15.7;eor
       1078;19761201;19761231;    5;  5.63;   1.64;    3.56;   -1.28;    3.03;   9.2;  25.2;  -7.8;  49.00;    5;    39.5;   13.5;eor
       1078;19770101;19770131;    5;  6.35;   3.48;    5.54;    1.03;    2.95;  12.7;  21.6;  -6.6;  26.10;    5;    60.2;    8.7;eor
       1078;19770201;19770228;    5;  5.87;   5.95;    8.64;    3.33;    3.15;  14.0;  21.3;  -5.7;  79.20;    5;    73.0;    9.0;eor
       1078;19770301;19770331;    5;  5.48;   8.28;   12.20;    3.95;    2.95;  19.1;  24.0;  -6.2; 116.70;    5;    32.6;    9.0;eor
       1078;19770401;19770430;    5;  5.85;   7.35;   11.45;    2.87;    3.07;  20.3;  24.9;  -2.4; 143.10;    5;    72.1;   12.5;eor
       1078;19770501;19770531;    5;  4.67;  12.90;   17.38;    7.25;    2.73;  25.0;  16.9;   3.6; 229.60;    5;    43.4;    9.8;eor
       1078;19770601;19770630;    5;  6.12;  16.07;   20.17;   11.70;    2.05;  31.4;  22.5;   4.8; 127.80;    5;   115.1;   38.6;eor
       1078;19770701;19770731;    5;  5.10;  18.00;   22.57;   13.07;    2.67;  27.8;  17.2;   6.6; 178.40;    5;    32.0;    8.3;eor
       1078;19770801;19770831;    5;  5.46;  17.18;   21.59;   12.80;    1.90;  28.3;  15.4;   7.7; 142.30;    5;    94.5;   17.0;eor
       1078;19770901;19770930;    5;  5.11;  13.69;   18.06;    9.45;    2.27;  25.5;  16.8;   1.6; 121.60;    5;    21.2;    7.2;eor
       1078;19771001;19771031;    5;  4.72;  12.72;   16.69;    9.23;    2.76;  21.3;  19.3;   1.7; 112.40;    5;    27.2;    5.7;eor
       1078;19771101;19771130;    5;  6.27;   7.10;    9.38;    4.51;    3.43;  18.3;  25.0;  -5.9;  45.80;    5;    93.7;   17.1;eor
       1078;19771201;19771231;    5;  5.50;   5.21;    7.50;    2.27;    3.11;  16.1;  22.9;  -4.6;  61.60;    5;    47.8;   11.8;eor
       1078;19780101;19780131;    5;  6.10;   3.45;    5.48;    0.94;    3.18;   8.9;  26.3;  -5.4;  50.50;    5;    45.1;    7.2;eor
       1078;19780201;19780228;    5;  6.01;   1.44;    4.05;   -1.28;    2.92;  16.2;  16.1; -12.8;  65.30;    5;    36.5;    9.8;eor
       1078;19780301;19780331;    5;  6.38;   7.09;   10.15;    3.82;    3.16;  16.8;  32.7;  -2.3;  72.30;    5;    93.0;   11.0;eor
       1078;19780401;19780430;    5;  5.07;   8.56;   13.34;    3.56;    2.56;  19.2;  16.3;  -2.2; 196.70;    5;    23.7;    4.2;eor
       1078;19780501;19780531;    5;  5.24;  13.15;   17.67;    8.30;    2.19;  28.5;  16.2;   2.0; 166.20;    5;    37.7;   12.1;eor
       1078;19780601;19780630;    5;  5.70;  16.18;   20.85;   11.52;    2.71;  30.2;  19.6;   4.4; 164.40;    5;   111.1;   22.6;eor
       1078;19780701;19780731;    5;  5.51;  16.70;   21.53;   11.59;    2.26;  32.4;  17.3;   5.5; 165.00;    5;    80.2;   26.4;eor
       1078;19780801;19780831;    5;  5.11;  16.33;   21.48;   11.95;    2.33;  28.5;  14.0;   6.9; 165.90;    5;    50.9;   17.6;eor
       1078;19780901;19780930;    5;  6.04;  14.14;   18.08;   10.40;    2.93;  22.3;  19.0;   4.5;  85.80;    5;    63.8;   18.4;eor
       1078;19781001;19781031;    5;  5.25;  11.55;   15.37;    7.73;    2.31;  24.0;  14.0;  -0.4; 101.50;    5;    25.8;    7.7;eor
       1078;19781101;19781130;    5;  4.46;   6.32;    9.18;    3.54;    3.04;  14.7;  14.6;  -4.0;  83.20;    5;    20.4;    7.1;eor
       1078;19781201;19781231;    5;  5.72;   2.85;    5.45;   -0.09;    3.15;  13.4;  21.4; -15.3;  47.70;    5;   100.3;   16.7;eor
       1078;19790101;19790131;    5;  6.08;  -2.61;   -0.37;   -6.17;    2.72;   4.2;  21.0; -19.0;  40.80;    5;    55.1;    8.7;eor
       1078;19790201;19790228;    5;  6.25;   0.21;    2.71;   -2.59;    2.75;   9.1;  17.8;  -7.0;  50.40;    5;    47.9;    8.7;eor
       1078;19790301;19790331;    5;  6.08;   5.68;    9.16;    2.35;    3.30;  13.5;  25.9;  -3.3;  91.20;    5;   108.3;   17.8;eor
       1078;19790401;19790430;    5;  5.42;   8.49;   12.69;    4.23;    2.68;  21.9;  17.9;  -2.0; 145.10;    5;    50.6;    6.4;eor
       1078;19790501;19790531;    5;  5.08;  13.45;   18.48;    8.67;    2.66;  30.1;  23.5;   0.4; 218.70;    5;    81.3;   16.4;eor
       1078;19790601;19790630;    5;  5.34;  17.26;   22.15;   12.33;    2.44;  31.3;  18.5;   5.5; 181.10;    5;    69.0;   13.7;eor
       1078;19790701;19790731;    5;  5.69;  17.27;   21.60;   12.77;    2.41;  29.6;  13.9;   7.1; 137.60;    5;    47.9;   12.6;eor
       1078;19790801;19790831;    5;  5.43;  16.54;   21.24;   12.71;    2.51;  30.8;  18.0;   8.6; 142.20;    5;    85.6;   24.0;eor
       1078;19790901;19790930;    5;  4.23;  14.72;   19.89;    9.90;    2.33;  28.1;  15.7;   2.1; 161.50;    5;    39.9;   20.8;eor
       1078;19791001;19791031;    5;  4.76;  11.75;   16.13;    7.73;    2.56;  26.9;  15.8;  -2.7; 122.20;    5;    28.2;   12.2;eor
       1078;19791101;19791130;    5;  5.30;   6.02;    8.86;    3.09;    3.04;  13.8;  20.0;  -1.8;  83.80;    5;    78.8;   14.0;eor
       1078;19791201;19791231;    5;  6.55;   6.07;    7.97;    4.02;    3.59;  14.8;  26.4;  -2.0;  22.40;    5;   102.9;   14.1;eor
       1078;19800101;19800131;    5;  5.54;   0.69;    2.77;   -1.96;    2.81;  10.8;  22.0; -10.4;  43.90;    5;    50.7;    8.6;eor
       1078;19800201;19800229;    5;  5.50;   5.74;    8.90;    2.74;    2.79;  15.0;  17.5;  -1.7;  68.20;    5;    69.7;   23.9;eor
       1078;19800301;19800331;    5;  6.41;   5.84;    9.06;    2.65;    2.97;  17.0;  21.1;  -3.5;  70.80;    5;    75.1;   12.5;eor
       1078;19800401;19800430;    5;  4.55;   8.29;   12.93;    3.48;    2.80;  23.7;  25.2;  -1.8; 154.60;    5;    40.8;   11.3;eor
       1078;19800501;19800531;    5;  3.52;  13.00;   18.31;    6.14;    2.63;  24.5;  15.9;   1.6; 283.00;    5;    36.2;   21.5;eor
       1078;19800601;19800630;    5;  6.00;  15.98;   21.05;   11.35;    2.64;  31.0;  18.3;   5.0; 154.20;    5;    70.5;   10.3;eor
       1078;19800701;19800731;    5;  5.60;  16.62;   20.70;   12.65;    2.71;  30.1;  15.1;   7.0; 136.10;    5;   134.2;   30.6;eor
       1078;19800801;19800831;    5;  5.45;  18.48;   23.48;   14.08;    2.72;  32.6;  24.8;   6.5; 172.60;    5;    76.7;   19.7;eor
       1078;19800901;19800930;    5;  4.24;  16.45;   21.25;   12.71;    2.54;  27.2;  16.9;   5.1; 176.20;    5;    51.9;   26.4;eor
       1078;19801001;19801031;    5;  5.42;   9.86;   13.85;    6.10;    2.88;  20.1;  25.8;  -0.8;  98.20;    5;    49.8;    6.8;eor
       1078;19801101;19801130;    5;  6.19;   5.27;    7.58;    2.76;    3.25;  15.4;  22.3;  -6.7;  55.20;    5;    50.0;   12.5;eor
       1078;19801201;19801231;    5;  6.62;   3.61;    5.51;    0.96;    3.37;  12.6;  18.7;  -7.5;  41.80;    5;    77.7;   25.2;eor
       1078;19810101;19810131;   10;  6.31;   1.89;    4.39;   -0.98;    3.13;   9.7;  29.0;  -7.3;  38.80;   10;   102.0;   17.8;eor
       1078;19810201;19810228;   10;  4.65;   1.63;    4.77;   -1.89;    2.59;  11.3;  22.3;  -9.3;  79.00;   10;    28.2;    8.5;eor
       1078;19810301;19810331;   10;  6.35;   9.40;   12.94;    6.19;    3.31;  20.7;  25.5;  -0.4;  78.70;   10;   102.0;   26.1;eor
       1078;19810401;19810430;   10;  5.26;   9.62;   14.09;    4.76;    2.72;  22.8;  16.4;  -3.6; 147.60;   10;    26.0;   11.4;eor
       1078;19810501;19810531;   10;  5.34;  14.43;   19.65;    9.68;    2.50;  29.3;  19.4;  -0.4; 191.70;   10;   103.1;   21.0;eor
       1078;19810601;19810630;   10;  6.01;  15.89;   20.93;   11.59;    2.56;  30.4;  15.0;   4.5; 146.70;   10;   129.9;   40.3;eor
       1078;19810701;19810731;   10;  5.62;  17.82;   22.37;   13.37;    2.76;  30.7;  15.5;   7.8; 138.00;   10;    53.7;   16.4;eor
       1078;19810801;19810831;   10;  4.62;  17.54;   22.22;   13.04;    2.17;  31.3;  14.9;   6.1; 161.00;   10;    65.1;   21.9;eor
       1078;19810901;19810930;   10;  4.38;  15.59;   20.75;   11.05;    2.67;  25.9;  17.2;   6.0; 169.00;   10;    64.3;   15.9;eor
       1078;19811001;19811031;   10;  6.15;   9.53;   12.59;    6.54;    3.22;  19.4;  21.0;   0.1;  57.10;   10;   117.3;   15.6;eor
       1078;19811101;19811130;   10;  5.91;   6.65;    9.60;    3.55;    3.32;  16.9;  19.8;  -5.6;  48.10;   10;    93.2;   17.2;eor
       1078;19811201;19811231;   10;  6.66;   0.87;    2.63;   -1.63;    3.04;   9.0;  21.8; -11.8;  24.30;   10;    81.6;   15.6;eor
       1078;19820101;19820131;   10;  4.94;   1.42;    4.52;   -1.76;    2.95;  12.1;  21.6; -15.4;  71.60;   10;    64.0;   12.5;eor
       1078;19820201;19820228;   10;  3.69;   3.48;    7.36;   -0.11;    2.78;  13.3;  14.5;  -7.6; 100.70;   10;    19.2;    7.5;eor
       1078;19820301;19820331;   10;  4.70;   6.04;   10.27;    2.20;    3.06;  20.5;  29.4;  -3.0; 124.40;   10;    45.3;    9.5;eor
       1078;19820401;19820430;   10;  4.18;   8.52;   13.79;    3.05;    3.01;  21.5;  18.0;  -2.2; 181.20;   10;    24.2;    3.9;eor
       1078;19820501;19820531;   10;  4.43;  14.10;   19.37;    8.41;    2.46;  29.4;  26.3;   1.1; 216.50;   10;    77.2;   15.1;eor
       1078;19820601;19820630;   10;  4.81;  17.54;   22.65;   12.83;    2.41;  30.5;  18.3;   6.2; 186.00;   10;    81.9;   23.3;eor
       1078;19820701;19820731;   10;  4.05;  20.23;   25.48;   14.52;    2.44;  31.8;  23.3;   9.4; 228.60;   10;    20.0;    8.7;eor
       1078;19820801;19820831;   10;  5.12;  18.43;   23.80;   14.41;    2.57;  32.0;  20.9;   8.6; 182.20;   10;    85.3;   16.4;eor
       1078;19820901;19820930;   10;  3.88;  17.56;   23.25;   12.76;    2.29;  29.3;  20.5;   6.6; 167.40;   10;    41.7;   17.0;eor
       1078;19821001;19821031;   10;  5.79;  11.87;   14.78;    9.56;    2.89;  19.3;  14.8;   5.2;  79.20;   10;    85.7;   22.0;eor
       1078;19821101;19821130;   10;  5.86;   8.83;   11.04;    6.50;    3.10;  17.5;  21.0;   0.5;  57.20;   10;    47.3;    8.8;eor
       1078;19821201;19821231;   10;  6.43;   4.18;    6.24;    1.94;    3.07;  13.0;  27.1;  -4.1;  20.30;   10;    72.6;    9.7;eor
       1078;19830101;19830131;   10;  6.38;   6.25;    8.36;    3.61;    3.75;  13.2;  23.2;  -0.8;  39.20;   10;   105.9;   15.6;eor
       1078;19830201;19830228;   10;  4.43;   0.81;    3.72;   -2.23;    2.89;  11.6;  25.1;  -8.5;  91.60;   10;    57.4;   13.5;eor
       1078;19830301;19830331;   10;  5.84;   6.30;    9.58;    2.95;    2.99;  15.2;  27.2;  -3.3;  89.30;   10;    67.6;   10.5;eor
       1078;19830401;19830430;   10;  5.64;  10.18;   14.61;    6.41;    2.86;  21.0;  27.0;   1.2; 129.60;   10;    69.8;   15.3;eor
       1078;19830501;19830531;   10;  6.23;  12.03;   15.78;    8.68;    2.72;  23.9;  19.0;   2.0; 112.70;   10;   138.5;   15.7;eor
       1078;19830601;19830630;   10;  4.50;  17.96;   22.86;   12.87;    2.27;  30.7;  18.0;   4.9; 221.40;   10;    57.9;   25.6;eor
       1078;19830701;19830731;   10;  3.43;  21.97;   27.70;   15.43;    1.96;  35.7;  26.6;   8.6; 253.20;   10;    20.5;    8.5;eor
       1078;19830801;19830831;   10;  3.09;  19.79;   25.41;   14.27;    2.30;  32.2;  20.1;  10.1; 237.60;   10;    29.3;   14.2;eor
       1078;19830901;19830930;   10;  5.34;  15.23;   19.76;   11.42;    3.20;  26.7;  24.1;   5.2; 149.00;   10;    41.1;   10.3;eor
       1078;19831001;19831031;   10;  4.72;  11.05;   15.02;    7.15;    2.93;  27.4;  22.4;  -4.0; 112.30;   10;    31.6;    8.5;eor
       1078;19831101;19831130;   10;  4.51;   6.43;   10.00;    2.67;    2.45;  17.7;  29.5;  -8.1;  96.60;   10;    55.7;   23.3;eor
       1078;19831201;19831231;   10;  5.05;   4.22;    6.24;    1.58;    3.01;  13.5;  16.2;  -5.6;  57.50;   10;    98.1;   29.4;eor
       1078;19840101;19840131;   10;  5.92;   3.75;    5.98;    1.17;    3.66;  11.5;  33.7;  -6.5;  46.50;   10;   114.7;   10.9;eor
       1078;19840201;19840229;   10;  4.71;   2.64;    5.52;   -0.47;    2.70;  10.0;  26.0;  -6.8;  91.80;   10;    74.5;   30.7;eor
       1078;19840301;19840331;   10;  4.31;   4.67;    8.97;    0.43;    2.35;  13.8;  29.1;  -3.7; 134.40;   10;    28.1;    6.6;eor
       1078;19840401;19840430;   10;  4.38;   8.66;   13.38;    3.43;    2.20;  23.2;  19.3;  -0.6; 198.70;   10;    36.5;    5.7;eor
       1078;19840501;19840531;   10;  6.44;  11.49;   15.37;    7.51;    2.37;  21.0;  14.1;   2.0; 103.80;   10;   173.4;   44.5;eor
       1078;19840601;19840630;   10;  5.63;  14.74;   18.91;    9.89;    2.35;  29.5;  14.3;   7.0; 157.20;   10;    67.9;   24.2;eor
       1078;19840701;19840731;   10;  4.89;  17.19;   21.78;   12.47;    2.41;  33.3;  18.7;   4.8; 196.10;   10;    82.3;   31.7;eor
       1078;19840801;19840831;   10;  4.04;  18.88;   24.13;   13.80;    1.91;  30.2;  11.9;   9.2; 207.80;   10;    26.4;   11.8;eor
       1078;19840901;19840930;   10;  6.16;  14.19;   17.45;   11.36;    2.53;  27.0;  19.4;   5.4;  70.20;   10;   116.0;   18.5;eor
       1078;19841001;19841031;   10;  5.63;  12.35;   15.55;    9.66;    2.76;  19.4;  23.0;   3.5;  93.90;   10;   144.3;   38.9;eor
       1078;19841101;19841130;   10;  4.96;   8.84;   11.64;    6.13;    3.18;  17.1;  30.9;   2.0;  62.30;   10;    57.9;   12.8;eor
       1078;19841201;19841231;   10;  5.96;   4.72;    6.72;    2.51;    2.65;   9.5;  17.2;  -2.4;  48.60;   10;    44.3;   11.7;eor
       1078;19850101;19850131;   10;  6.39;  -2.72;   -0.19;   -6.06;    2.62;   9.8;  25.8; -19.1;  39.30;   10;    70.2;   16.1;eor
       1078;19850201;19850228;   10;  4.04;  -0.55;    3.23;   -4.48;    2.19;  13.6;  18.0; -15.4; 136.50;   10;    14.4;    9.2;eor
       1078;19850301;19850331;   10;  5.96;   5.03;    8.15;    1.92;    2.69;  13.3;  23.5;  -3.2;  78.10;   10;    57.1;    7.3;eor
       1078;19850401;19850430;   10;  5.52;   9.66;   14.16;    5.31;    3.02;  24.7;  21.6;  -2.6; 147.90;   10;    62.1;   10.7;eor
       1078;19850501;19850531;   10;  5.64;  14.77;   19.05;   10.03;    2.46;  29.5;  16.8;   2.8; 194.30;   10;    95.7;   49.2;eor
       1078;19850601;19850630;   10;  5.85;  14.87;   19.41;   10.50;    2.70;  30.0;  21.8;   4.5; 164.30;   10;   154.8;   22.1;eor
       1078;19850701;19850731;   10;  4.72;  18.60;   23.93;   13.64;    2.42;  33.2;  23.9;   8.3; 230.80;   10;    89.5;   17.0;eor
       1078;19850801;19850831;   10;  4.86;  17.15;   22.53;   12.85;    2.70;  31.9;  21.3;   8.9; 203.10;   10;    77.1;   18.6;eor
       1078;19850901;19850930;   10;  4.64;  15.18;   19.87;   11.28;    2.40;  28.2;  17.2;   4.5; 146.20;   10;    37.8;   10.9;eor
       1078;19851001;19851031;   10;  4.25;  10.75;   15.06;    6.88;    2.09;  25.9;  15.0;  -2.2; 137.10;   10;    19.1;    7.1;eor
       1078;19851101;19851130;   10;  5.91;   2.88;    5.11;    0.46;    3.01;  16.5;  24.8;  -4.3;  60.10;   10;    65.0;   14.8;eor
       1078;19851201;19851231;   10;  6.40;   6.41;    8.49;    4.40;    3.26;  16.2;  19.3;  -4.9;  25.40;   10;    82.5;   15.4;eor
       1078;19860101;19860131;   10;  6.27;   2.65;    4.97;   -0.10;    3.65;  10.8;  29.2;  -6.2;  41.10;   10;   116.4;   32.7;eor
       1078;19860201;19860228;   10;  3.78;  -4.02;   -0.51;   -8.09;    2.67;   5.2;  17.0; -15.4; 115.00;   10;     5.4;    3.2;eor
       1078;19860301;19860331;   10;  5.49;   5.36;    9.21;    1.72;    2.92;  17.1;  22.9;  -5.7;  85.60;   10;   110.0;   18.9;eor
       1078;19860401;19860430;   10;  5.86;   7.26;   11.14;    3.89;    2.84;  16.2;  21.8;  -5.8; 123.00;   10;   100.4;   12.2;eor
       1078;19860501;19860531;   10;  4.64;  15.36;   20.45;    9.81;    2.61;  26.6;  19.5;   3.6; 250.20;   10;    74.3;   11.7;eor
       1078;19860601;19860630;   10;  3.75;  17.66;   22.81;   11.95;    2.49;  31.6;  16.0;   6.6; 271.30;   10;    86.1;   24.8;eor
       1078;19860701;19860731;   10;  5.03;  18.76;   23.95;   14.04;    2.33;  31.7;  16.5;   6.6; 213.20;   10;    38.5;   14.0;eor
       1078;19860801;19860831;   10;  5.05;  17.70;   22.92;   12.78;    2.64;  35.8;  19.6;   7.0; 194.30;   10;    39.0;   12.9;eor
       1078;19860901;19860930;   10;  4.83;  12.19;   17.20;    7.77;    2.22;  22.3;  19.6;   2.3; 145.00;   10;    54.4;   23.8;eor
       1078;19861001;19861031;   10;  4.90;  12.47;   16.56;    8.68;    2.86;  23.7;  28.8;   4.4; 119.40;   10;    90.2;   21.3;eor
       1078;19861101;19861130;   10;  5.01;   8.66;   11.42;    5.99;    3.31;  16.4;  21.6;  -0.2;  71.50;   10;    43.4;    9.2;eor
       1078;19861201;19861231;   10;  5.78;   4.65;    6.94;    2.11;    3.49;  13.7;  30.4;  -6.6;  48.20;   10;   115.9;   15.3;eor
       1078;19870101;19870131;   10;  5.84;  -3.11;   -0.72;   -5.67;    2.53;   9.1;  21.1; -15.7;  43.40;   10;    56.2;   20.1;eor
       1078;19870201;19870228;   10;  6.59;   2.88;    5.10;    0.29;    2.65;  11.0;  17.5;  -5.0;  50.10;   10;    45.3;   12.9;eor
       1078;19870301;19870331;   10;  4.28;   2.87;    6.97;   -1.15;    2.85;  14.4;  25.8; -10.0; 142.60;   10;   103.8;   22.7;eor
       1078;19870401;19870430;   10;  4.65;  12.11;   17.20;    6.60;    2.44;  26.6;  16.5;   1.4; 193.60;   10;    25.5;    6.6;eor
       1078;19870501;19870531;   10;  5.91;  11.03;   15.57;    6.90;    2.64;  25.2;  19.6;   2.5; 143.80;   10;    95.1;   16.6;eor
       1078;19870601;19870630;   10;  6.36;  15.40;   19.67;   11.74;    2.47;  32.1;  26.3;   6.8; 139.40;   10;    95.2;   15.1;eor
       1078;19870701;19870731;   10;  5.24;  18.11;   23.00;   13.76;    2.44;  31.4;  20.1;   8.2; 213.90;   10;    99.6;   30.1;eor
       1078;19870801;19870831;   10;  5.51;  16.99;   21.69;   13.52;    2.16;  31.3;  17.5;   7.3; 133.20;   10;    48.2;    7.9;eor
       1078;19870901;19870930;   10;  5.07;  16.28;   20.94;   12.11;    2.16;  28.0;  18.5;   3.5; 138.50;   10;    48.8;   15.8;eor
       1078;19871001;19871031;   10;  5.10;  11.84;   15.84;    8.28;    3.01;  22.6;  21.6;   2.3; 125.40;   10;    70.4;   15.4;eor
       1078;19871101;19871130;   10;  6.47;   6.40;    8.57;    4.11;    2.44;  14.0;  18.5;  -0.9;  28.30;   10;    87.0;   14.2;eor
       1078;19871201;19871231;   10;  6.08;   4.57;    6.77;    2.20;    2.55;  15.0;  14.9;  -9.9;  53.10;   10;    50.9;   15.2;eor
       1078;19880101;19880131;   10;  6.33;   6.54;    8.66;    4.24;    3.71;  14.2;  23.2;   0.6;  43.90;   10;    93.2;   12.2;eor
       1078;19880201;19880229;   10;  6.19;   4.48;    7.11;    2.27;    3.57;  10.5;  27.3;  -0.8;  62.50;   10;    61.7;    8.7;eor
       1078;19880301;19880331;   10;  6.69;   5.06;    8.28;    2.29;    2.82;  14.2;  19.6;  -3.6;  54.50;   10;   135.8;   17.5;eor
       1078;19880401;19880430;   10;  4.07;  10.07;   15.32;    4.62;    2.26;  26.1;  14.9;  -1.9; 227.90;   10;    23.5;    6.6;eor
       1078;19880501;19880531;   10;  4.91;  16.06;   21.32;   10.87;    2.34;  30.0;  17.0;   1.4; 228.10;   10;    26.9;    9.1;eor
       1078;19880601;19880630;   10;  5.83;  16.02;   20.24;   11.60;    1.81;  27.7;  14.9;   7.2; 120.80;   10;    34.4;   10.5;eor
       1078;19880701;19880731;   10;  5.82;  17.75;   22.54;   14.04;    2.75;  31.7;  19.6;  11.3; 173.50;   10;   142.8;   35.4;eor
       1078;19880801;19880831;   10;  4.84;  18.08;   23.37;   13.55;    2.21;  30.3;  20.1;   9.0; 203.00;   10;    67.8;   16.6;eor
       1078;19880901;19880930;   10;  5.46;  14.53;   18.36;   11.58;    2.51;  24.6;  22.1;   4.8;  94.50;   10;    74.7;   13.4;eor
       1078;19881001;19881031;   10;  5.68;  11.61;   15.20;    8.56;    2.34;  20.0;  24.7;  -0.2;  83.50;   10;    54.9;   16.7;eor
       1078;19881101;19881130;   10;  5.74;   6.22;    9.07;    3.28;    2.30;  15.2;  16.0;  -8.4;  60.30;   10;    53.5;   26.7;eor
       1078;19881201;19881231;   10;  7.09;   6.53;    8.25;    4.50;    2.68;  11.5;  22.7;  -1.6;  15.60;   10;    82.6;   17.7;eor
       1078;19890101;19890131;   10;  5.31;   5.18;    7.63;    2.93;    2.58;  10.6;  14.4;  -0.7;  77.50;   10;    35.9;   15.6;eor
       1078;19890201;19890228;   10;  4.68;   5.43;    8.93;    2.34;    3.08;  13.7;  19.6;  -1.8; 101.30;   10;    54.1;   11.6;eor
       1078;19890301;19890331;   10;  5.39;   9.31;   13.53;    5.56;    2.88;  23.8;  24.2;  -2.5; 118.50;   10;    77.6;   15.4;eor
       1078;19890401;19890430;   10;  6.24;   7.95;   11.39;    4.64;    2.42;  18.1;  17.5;  -0.6;  90.30;   10;    82.5;   13.8;eor
       1078;19890501;19890531;   10;  2.65;  15.97;   22.11;    9.38;    1.95;  28.9;  17.5;   3.1; 313.10;   10;    10.3;    7.9;eor
       1078;19890601;19890630;   10;  4.65;  16.94;   21.98;   11.17;    1.93;  30.2;  21.6;   5.4; 247.70;   10;   100.4;   26.4;eor
       1078;19890701;19890731;   10;  4.54;  19.40;   24.25;   14.41;    2.20;  32.7;  17.0;   8.0; 223.20;   10;    57.4;   18.3;eor
       1078;19890801;19890831;   10;  4.89;  18.95;   24.53;   14.19;    2.33;  32.6;  18.5;   8.2; 210.60;   10;    29.8;    6.1;eor
       1078;19890901;19890930;   10;  4.63;  16.50;   21.32;   12.26;    1.97;  29.1;  11.3;   5.4; 140.00;   10;    54.5;   13.5;eor
       1078;19891001;19891031;   10;  4.77;  12.97;   16.63;    9.95;    2.72;  22.7;  20.1;   1.4; 115.30;   10;    57.6;    8.6;eor
       1078;19891101;19891130;   10;  4.30;   6.13;    9.98;    2.54;    2.26;  16.6;  17.5;  -7.9; 121.30;   10;    32.5;    9.1;eor
       1078;19891201;19891231;   10;  6.00;   5.40;    8.48;    2.73;    2.42;  16.2;  23.2;  -5.8;  45.40;   10;    90.2;   16.2;eor
       1078;19900101;19900131;   10;  6.61;   5.69;    7.64;    3.42;    3.33;  13.7;  36.1;  -0.2;  32.00;   10;    61.7;   23.3;eor
       1078;19900201;19900228;   10;  5.24;   8.37;   12.10;    5.29;    3.74;  19.1;  35.0;   0.2;  97.40;   10;    98.0;   16.9;eor
       1078;19900301;19900331;   10;  4.89;   8.93;   13.02;    5.28;    2.71;  21.8;  34.5;  -0.3; 119.30;   10;    33.9;    5.9;eor
       1078;19900401;19900430;   10;  4.08;   9.16;   14.21;    4.56;    2.60;  21.9;  20.1;  -2.3; 205.50;   10;    49.0;   10.7;eor
       1078;19900501;19900531;   10;  3.28;  15.81;   21.19;    8.86;    2.00;  29.0;  18.0;   3.3; 301.70;   10;    21.4;    7.1;eor
       1078;19900601;19900630;   10;  6.08;  16.52;   20.96;   12.46;    2.15;  29.8;  19.6;   8.4; 139.50;   10;   134.9;   22.9;eor
       1078;19900701;19900731;   10;  4.15;  18.16;   22.95;   12.82;    2.31;  30.6;  20.1;   8.4; 256.30;   10;    41.6;   13.2;eor
       1078;19900801;19900831;   10;  4.23;  20.35;   25.76;   15.11;    2.05;  35.6;  17.4;   9.5; 212.60;   10;    51.5;   26.3;eor
       1078;19900901;19900930;   10;  5.84;  13.35;   17.18;    9.96;    2.07;  20.0;  20.5;   6.3;  92.80;   10;    62.2;   10.1;eor
       1078;19901001;19901031;   10;  4.75;  13.38;   17.45;   10.04;    2.84;  25.0;  17.4;   2.4; 144.30;   10;    45.3;   32.6;eor
       1078;19901101;19901130;   10;  5.95;   6.67;    8.82;    4.61;    2.45;  13.8;  20.5;  -1.0;  44.70;   10;    76.1;   10.6;eor
       1078;19901201;19901231;   10;  6.42;   3.79;    5.42;    1.60;    2.91;  10.6;  20.5;  -3.4;  35.40;   10;    89.7;   28.0;eor
       1078;19910101;19910131;   10;  4.81;   3.79;    6.29;    1.13;    2.88;  14.7;  27.2;  -6.0;  81.10;    9;    46.6;    9.2;eor
       1078;19910201;19910228;   10;  4.58;   0.42;    3.91;   -3.36;    2.35;  16.6;  16.4; -12.3; 102.80;    9;    28.4;   15.2;eor
       1078;19910301;19910331;   10;  5.21;   9.62;   13.40;    6.05;    2.49;  20.2;  17.4;  -1.9; 117.40;    9;    40.4;   18.5;eor
       1078;19910401;19910430;   10;  4.18;   9.32;   14.16;    4.67;    2.53;  21.7;  18.5;  -2.9; 195.70;    9;    42.7;    9.0;eor
       1078;19910501;19910531;   10;  5.36;  11.44;   15.76;    6.67;    2.08;  24.3;  14.9;   0.1; 156.90;    9;    26.9;    9.9;eor
       1078;19910601;19910630;   10;  6.27;  14.53;   18.62;   10.88;    2.72;  23.7;  17.4;   4.1; 122.90;    9;    85.5;   29.8;eor
       1078;19910701;19910731;   10;  4.72;  20.69;   25.52;   15.83;    2.20;  35.1;  13.8;  10.6; 240.10;    9;    62.7;   22.3;eor
       1078;19910801;19910831;   10;  3.55;  19.59;   24.66;   14.51;    1.90;  33.4;  16.4;   8.6; 238.10;    9;    53.4;   22.9;eor
       1078;19910901;19910930;   10;  4.20;  16.56;   21.69;   11.78;    2.13;  29.6;  16.4;   4.8; 164.60;    9;    40.9;   16.0;eor
       1078;19911001;19911031;   10;  4.83;  10.97;   14.64;    8.08;    2.48;  21.6;  21.6;   3.4; 124.20;    9;    25.5;    9.0;eor
       1078;19911101;19911130;   10;  5.49;   6.28;    8.82;    3.78;    2.95;  15.0;  22.6;  -2.0;  55.70;    9;    92.2;   12.5;eor
       1078;19911201;19911231;   10;  5.45;   3.62;    6.09;    1.45;    2.44;  13.0;  24.7;  -5.7;  63.40;    9;    77.5;   20.7;eor
       1078;19920101;19920131;   10;  5.61;   2.94;    5.37;    0.55;    2.29;  12.3;  15.9;  -8.0;  58.50;    9;    28.9;    7.9;eor
       1078;19920201;19920229;   10;  5.76;   5.50;    8.35;    2.75;    2.66;  17.0;  19.0;  -4.8;  62.80;    9;    27.1;    5.4;eor
       1078;19920301;19920331;   10;  5.72;   7.52;   11.03;    4.34;    3.07;  17.6;  26.8;   0.3;  92.80;    9;    94.6;   24.8;eor
       1078;19920401;19920430;   10;  5.24;   9.74;   13.74;    5.82;    2.45;  19.0;  24.7;   0.4; 134.90;    9;    61.9;   13.4;eor
       1078;19920501;19920531;   10;  3.55;  16.93;   21.97;   10.95;    2.43;  31.3;  20.1;   2.7; 279.60;    9;    37.8;   11.9;eor
       1078;19920601;19920630;   10;  4.28;  18.19;   22.94;   12.75;    2.06;  31.7;  14.4;   7.4; 207.30;    9;    60.0;   17.5;eor
       1078;19920701;19920731;   10;  4.49;  20.34;   25.40;   15.47;    2.11;  30.8;  17.5;  11.3; 238.70;    9;    79.3;   22.7;eor
       1078;19920801;19920831;   10;  4.92;  19.97;   24.96;   15.99;    2.65;  33.8;  27.8;  11.3; 173.00;    9;    93.0;   15.9;eor
       1078;19920901;19920930;   10;  4.80;  15.62;   20.32;   11.92;    2.37;  26.8;  18.0;   6.8; 162.80;    9;    37.5;   11.7;eor
       1078;19921001;19921031;   10;  5.19;   7.96;   11.73;    4.86;    2.85;  17.8;  20.6;  -1.2; 115.20;    9;    80.0;   28.5;eor
       1078;19921101;19921130;   10;  5.63;   7.65;   10.22;    4.57;    3.64;  15.0;  30.9;   1.2;  51.50;    9;   115.5;   34.7;eor
       1078;19921201;19921231;   10;  5.37;   3.78;    6.37;    1.34;    2.79;  14.3;  29.3;  -8.9;  60.00;    9;    60.0;   19.3;eor
       1078;19930101;19930131;   10;  5.29;   5.20;    8.51;    1.43;    3.88;  16.4;  34.0; -13.6;  61.20;    9;    69.8;   16.5;eor
       1078;19930201;19930228;   10;  5.74;   1.44;    4.21;   -1.36;    2.41;   7.9;  24.7;  -7.6;  65.80;    9;    30.7;    8.0;eor
       1078;19930301;19930331;   10;  3.58;   6.15;   11.10;    1.45;    2.75;  18.5;  17.0;  -6.2; 183.60;    9;     7.1;    2.6;eor
       1078;19930401;19930430;   10;  5.00;  11.96;   16.59;    7.15;    2.63;  26.9;-999;   0.1; 152.00;    9;    52.2;    8.1;eor
       1078;19930501;19930531;   10;  4.29;  15.37;   20.78;   10.77;    2.66;  28.5;  18.0;   4.2; 218.60;    9;    54.2;   18.6;eor
       1078;19930601;19930630;   10;  4.40;  17.31;   22.45;   11.56;    2.40;  30.9;  15.4;   6.0; 195.10;    9;    33.0;   17.8;eor
       1078;19930701;19930731;   10;  5.18;  17.29;   22.40;   12.80;    2.74;  30.4;  19.0;   8.1; 153.80;    9;   109.0;   18.6;eor
       1078;19930801;19930831;   10;  4.96;  16.07;   21.35;   10.98;    2.47;  26.0;  17.5;   5.0; 149.80;    9;    27.7;    5.6;eor
       1078;19930901;19930930;   10;  5.59;  13.66;   17.72;   10.11;    2.79;  24.6;  22.6;   3.8; 112.10;    9;   159.2;   49.9;eor
       1078;19931001;19931031;   10;  5.62;   9.20;   12.74;    5.97;    2.65;  19.4;  21.6;  -2.3;  86.10;    9;    78.8;   15.9;eor
       1078;19931101;19931130;   10;  4.67;   2.57;    5.72;   -0.33;    2.74;  16.9;  29.3;  -9.4;  81.80;    9;    47.6;   22.5;eor
       1078;19931201;19931231;   10;  6.97;   5.27;    7.73;    2.62;    3.79;  14.5;  29.8;  -3.5;  11.80;    9;   148.2;   16.3;eor
       1078;19940101;19940131;   10;  6.23;   4.99;    7.53;    2.21;    3.65;  13.6;  26.2;  -4.0;-999;    9;   101.0;   15.3;eor
       1078;19940201;19940228;   10;  5.18;   2.32;    5.71;   -1.16;    2.69;  14.8;-999; -12.0;-999;    9;    25.1;    6.1;eor
       1078;19940301;19940331;   10;  6.05;   7.89;   11.51;    4.23;    3.62;  19.7;  23.1;  -2.6;  95.40;    9;    98.6;   17.3;eor
       1078;19940401;19940430;   10;  5.42;   9.05;   13.78;    4.71;    2.89;  23.6;  29.3;  -1.3; 140.20;    9;    90.5;   20.1;eor
       1078;19940501;19940531;   10;  5.47;  13.41;   17.94;    8.72;    2.37;  23.8;  15.4;   0.6; 154.40;    9;    48.5;   10.7;eor
       1078;19940601;19940630;   10;  4.98;  16.48;   21.66;   11.28;    2.72;  31.6;  20.1;   5.4; 204.70;    9;    60.2;   19.7;eor
       1078;19940701;19940731;   10;  3.47;  22.78;   28.64;   16.30;    2.12;  34.4;  15.4;  10.1; 268.00;    9;    52.6;   21.5;eor
       1078;19940801;19940831;   10;  4.94;  18.49;   23.69;   13.91;    2.50;  36.0;  18.5;   6.2; 183.90;    9;    70.1;   22.3;eor
       1078;19940901;19940930;   10;  5.54;  13.99;   18.26;   10.65;    2.79;  23.1;  20.1;   6.9;  88.60;    9;    91.5;   16.7;eor
       1078;19941001;19941031;   10;  4.86;   9.70;   14.40;    5.35;    2.84;  21.2;-999;  -2.2; 147.20;    9;    69.1;   22.1;eor
       1078;19941101;19941130;   10;  5.79;  10.12;   12.82;    7.15;    2.63;  18.6;  17.0;   0.5;-999;    9;    60.7;   16.4;eor
       1078;19941201;19941231;   10;  5.58;   5.80;    8.24;    2.76;    3.56;  14.0;  24.2;  -7.3;  66.30;    9;    77.7;   17.5;eor
       1078;19950101;19950131;   10;  6.08;   3.26;    5.76;    0.53;    3.70;  13.2;  28.8;  -7.8;  53.70;    9;   141.8;   24.5;eor
       1078;19950201;19950228;   10;  6.29;   6.51;    9.48;    3.40;    3.56;  13.7;  21.6;  -2.1;  48.40;    9;    95.1;   12.9;eor
       1078;19950301;19950331;   10;  4.37;   4.90;    9.52;    1.12;    3.55;  16.1;-999;  -3.4; 144.20;    9;    84.1;   12.2;eor
       1078;19950401;19950430;   10;  5.83;   9.75;   14.12;    5.66;    2.83;  25.8;-999;  -0.6;-999;    9;    35.2;    8.9;eor
       1078;19950501;19950531;   10;  4.93;  13.73;   19.38;    8.06;    2.12;  26.8;  17.5;   1.1; 206.10;    9;    73.2;   19.2;eor
       1078;19950601;19950630;   10;  5.06;  15.53;   20.28;   10.39;    2.46;  30.6;  18.0;   4.5; 173.30;    9;    51.3;    8.1;eor
       1078;19950701;19950731;   10;  3.76;  21.74;   27.70;   15.31;    2.10;  35.6;  26.8;   8.5; 269.30;    9;    26.1;   11.1;eor
       1078;19950801;19950831;   10;  3.39;  20.38;   26.74;   14.01;    2.43;  33.2;  18.0;   5.1; 253.30;    9;    30.6;    8.8;eor
       1078;19950901;19950930;   10;  5.78;  14.11;   18.52;   10.61;    2.92;  22.7;  17.0;   3.3;  89.70;    9;    69.9;   20.2;eor
       1078;19951001;19951031;   10;  5.07;  13.52;   17.66;   10.04;    2.65;  24.3;  14.4;   0.8; 119.70;    9;    28.1;    4.6;eor
       1078;19951101;19951130;   10;  5.68;   6.47;    9.50;    3.38;    2.61;  18.9;  17.0;  -6.7;  64.90;    9;    34.6;    7.0;eor
       1078;19951201;19951231;   10;  5.83;   0.31;    2.75;   -2.78;    2.38;  11.3;  15.9; -13.2;  54.00;    9;    49.6;   14.2;eor
       1078;19960101;19960131;   10;  5.22;   0.69;    3.45;   -1.78;    3.18;  11.3;  18.0;  -9.6;  92.40;    9;     2.2;    1.0;eor
       1078;19960201;19960229;   10;  6.29;   0.68;    3.58;   -2.45;    3.04;  12.7;  20.6; -13.7;  41.10;    9;    67.5;   14.6;eor
       1078;19960301;19960331;   10;  4.85;   3.52;    8.12;   -0.27;    2.41;  14.7;  14.9;  -6.2; 131.00;    9;    14.0;    3.6;eor
       1078;19960401;19960430;   10;  4.11;  10.28;   15.88;    4.58;    2.27;  26.4;  17.0;  -5.9; 233.30;    9;    13.1;    8.5;eor
       1078;19960501;19960531;   10;  6.39;  11.79;   15.87;    7.42;    2.67;  26.9;  16.5;  -0.6; 101.90;    9;    64.3;   12.2;eor
       1078;19960601;19960630;   10;  4.57;  16.58;   21.87;   10.47;    2.41;  32.9;  19.5;   5.0;-999;    9;    41.3;   17.3;eor
       1078;19960701;19960731;   10;  5.10;  17.03;   22.20;   11.84;    2.70;  29.4;  21.6;   6.8; 185.50;    9;    80.1;   18.2;eor
       1078;19960801;19960831;   10;  4.77;  17.92;   22.68;   13.54;    2.55;  29.4;  22.6;   8.0; 182.20;    9;   137.9;   41.1;eor
       1078;19960901;19960930;   10;  5.09;  12.56;   17.00;    8.41;    2.40;  21.5;-999;   3.7; 137.20;    9;    33.6;    6.8;eor
       1078;19961001;19961031;   10;  5.15;  10.88;   15.04;    7.26;    2.78;  21.1;-999;   1.1; 122.90;    9;    78.9;   23.1;eor
       1078;19961101;19961130;   10;  6.13;   5.65;    8.16;    2.88;    3.11;  14.8;-999;  -2.9;-999;    9;    76.0;   12.6;eor
       1078;19961201;19961231;   10;  5.55;   0.31;    2.64;   -1.98;    2.59;   9.1;  15.4; -13.6;  57.20;    9;    44.1;   21.8;eor
       1078;19970101;19970131;   10;  5.38;  -1.13;    1.58;   -4.45;    2.31;  11.4;  16.5; -20.8;  58.50;    9;     4.0;    1.4;eor
       1078;19970201;19970228;   10;  6.25;   6.49;    9.53;    3.14;    3.62;  16.7;  25.7;  -2.5;  55.90;    9;    94.2;   14.5;eor
       1078;19970301;19970331;   10;  5.25;   8.28;   12.54;    4.49;    2.70;  17.5;  23.1;  -3.1; 116.40;    9;    31.6;    6.7;eor
       1078;19970401;19970430;   10;  4.55;   8.22;   13.24;    2.90;    2.55;  18.1;  17.5;  -4.0; 179.60;    9;    61.6;   16.9;eor
       1078;19970501;19970531;   10;  4.92;  13.47;   18.39;    8.15;    2.56;  28.6;  17.0;   0.8; 216.70;    9;   114.3;   19.0;eor
       1078;19970601;19970630;   10;  4.94;  16.64;   21.68;   11.40;    2.63;  28.8;  17.0;   5.7; 216.70;    9;   137.5;   25.7;eor
       1078;19970701;19970731;   10;  5.24;  18.07;   23.12;   13.20;    2.35;  28.3;  18.5;   9.7; 172.20;    9;    79.6;   13.0;eor
       1078;19970801;19970831;   10;  3.55;  21.13;   26.62;   15.59;    2.23;  32.9;  17.0;  12.1; 234.10;    9;    44.1;   13.8;eor
       1078;19970901;19970930;   10;  4.08;  14.48;   20.46;    9.51;    2.24;  26.2;  20.1;   3.2; 199.40;    9;    58.0;   46.5;eor
       1078;19971001;19971031;   10;  4.87;   9.74;   14.47;    5.82;    2.85;  23.2;  21.6;  -6.2; 137.10;    9;    64.8;   33.7;eor
       1078;19971101;19971130;   10;  5.49;   6.74;    9.59;    4.01;    3.04;  15.3;  20.6;  -4.4;  63.60;    9;    38.2;   13.5;eor
       1078;19971201;19971231;   10;  6.74;   4.98;    7.07;    2.61;    3.32;  14.7;  22.6;  -6.6;  34.70;    9;    76.4;   12.4;eor
       1078;19980101;19980131;   10;  5.61;   4.76;    7.26;    2.21;    3.52;  13.5;  28.3;  -9.4;  62.40;    9;    51.7;    7.7;eor
       1078;19980201;19980228;   10;  5.17;   6.47;   10.18;    2.71;    2.98;  16.7;  19.0; -10.4;  96.40;    9;     5.6;    1.9;eor
       1078;19980301;19980331;   10;  6.14;   7.61;   11.33;    3.86;    3.24;  23.4;  27.3;  -4.2;  93.40;    9;    77.1;   15.4;eor
       1078;19980401;19980430;   10;  6.35;   9.72;   13.66;    6.36;    2.82;  23.2;  18.5;  -0.8;  87.40;    9;   115.9;   14.5;eor
       1078;19980501;19980531;   10;  4.70;  15.56;   20.65;   10.11;    2.43;  31.7;  15.4;   3.3; 210.00;    9;    61.1;   22.1;eor
       1078;19980601;19980630;   10;  5.78;  16.77;   21.81;   12.61;    2.76;  33.6;  17.5;   3.8; 154.80;    9;   129.6;   26.9;eor
       1078;19980701;19980731;   10;  5.84;  16.82;   21.47;   12.52;    2.78;  33.7;  19.0;   9.4; 127.40;    9;    72.4;   15.1;eor
       1078;19980801;19980831;   10;  4.80;  17.67;   23.14;   12.28;    2.42;  33.8;  19.0;   7.9; 189.90;    9;    55.7;   13.7;eor
       1078;19980901;19980930;   10;  5.67;  15.14;   18.94;   12.01;    2.79;  23.6;  19.0;   6.5; 100.10;    9;   155.8;   36.0;eor
       1078;19981001;19981031;   10;  6.61;   9.88;   12.84;    7.03;    3.30;  17.9;  23.1;   1.5;  38.00;    9;   151.6;   15.8;eor
       1078;19981101;19981130;   10;  5.53;   3.68;    6.55;    0.97;    2.76;  14.5;  25.2;  -9.1;  69.70;    9;    75.8;   16.3;eor
       1078;19981201;19981231;   10;  6.02;   4.11;    6.44;    1.56;    3.27;  14.1;-999;  -7.1;  41.80;    9;    44.0;    7.0;eor
       1078;19990101;19990131;   10;  6.32;   5.41;    7.91;    2.83;    3.41;  15.7;  17.0;  -6.5;  42.60;    9;    69.3;   11.2;eor
       1078;19990201;19990228;   10;  6.34;   2.74;    5.65;   -0.61;    3.09;  10.6;  22.0; -11.6;  48.80;    9;    69.2;   13.0;eor
       1078;19990301;19990331;   10;  5.58;   7.76;   11.61;    4.35;    2.97;  19.3;  19.0;  -2.4; 117.80;    9;    89.1;   22.3;eor
       1078;19990401;19990430;   10;  5.14;  10.47;   15.19;    5.99;    2.72;  22.1;  18.0;  -0.9; 154.70;    9;    61.0;   11.9;eor
       1078;19990501;19990531;   10;  4.84;  15.06;   20.62;    9.67;    2.61;  29.3;  16.0;   2.3; 217.90;    9;    51.1;   17.3;eor
       1078;19990601;19990630;   10;  4.65;  16.44;   21.79;   10.82;    2.64;  29.2;  20.0;   6.0; 200.70;    9;    61.7;   19.0;eor
       1078;19990701;19990731;   10;  3.96;  20.38;   26.00;   14.59;    2.67;  32.0;  21.0;  11.6; 258.50;    9;    45.2;   27.3;eor
       1078;19990801;19990831;   10;  4.97;  18.21;   23.60;   13.53;    2.40;  31.3;  19.0;   6.1; 190.00;    9;    91.5;   18.2;eor
       1078;19990901;19990930;   10;  4.48;  18.38;   23.53;   14.36;    2.61;  31.6;  15.0;  10.3; 179.60;    9;    55.6;   21.7;eor
       1078;19991001;19991031;   10;  4.61;  10.60;   14.79;    7.31;    2.95;  19.2;  22.0;   0.5; 108.30;    9;    39.4;   14.3;eor
       1078;19991101;19991130;   10;  5.82;   6.00;    8.76;    3.15;    2.92;  18.0;  17.0;  -5.3;  60.30;    9;    48.1;    6.7;eor
       1078;19991201;19991231;   10;  6.09;   4.40;    6.70;    1.88;    3.75;  11.8;  24.0;  -2.3;  33.10;    9;   112.0;   26.1;eor
       1078;20000101;20000131;   10;  6.41;   4.06;    6.19;    1.65;    3.04;  11.0;  21.0;  -7.3;  45.10;    9;    53.3;   16.4;eor
       1078;20000201;20000229;   10;  5.34;   5.59;    9.10;    2.50;    3.39;  13.3;  22.0;  -4.1;  77.70;    9;   104.6;   20.2;eor
       1078;20000301;20000331;   10;  6.52;   6.94;   10.29;    3.99;    3.09;  17.3;  21.0;  -1.5;  61.30;    9;    57.7;    9.0;eor
       1078;20000401;20000430;   10;  5.26;  11.17;   16.39;    6.49;    2.78;  25.7;  21.0;  -3.3; 178.20;    9;    45.4;   10.4;eor
       1078;20000501;20000531;   10;  5.06;  15.67;   21.15;   10.55;    2.60;  28.9;  28.0;   4.3; 206.80;    9;    87.0;   16.5;eor
       1078;20000601;20000630;   10;  4.55;  17.63;   23.36;   11.95;    2.55;  33.8;  15.0;   5.3; 235.10;    9;    68.1;   22.8;eor
       1078;20000701;20000731;   10;  6.26;  15.79;   20.13;   12.53;    2.47;  27.0;  17.0;   9.0;  96.90;    9;   139.5;   27.3;eor
       1078;20000801;20000831;   10;  4.10;  18.49;   24.08;   13.67;    2.20;  29.5;  13.0;   9.4; 224.80;    9;    76.9;   33.4;eor
       1078;20000901;20000930;   10;  5.55;  16.23;   20.41;   13.04;    2.64;  27.5;  20.0;   7.3; 111.00;    9;    95.8;   23.5;eor
       1078;20001001;20001031;   10;  5.54;  11.59;   14.95;    8.89;    3.24;  20.6;  24.0;   4.3;  89.30;    9;    77.9;   16.6;eor
       1078;20001101;20001130;   10;  5.44;   8.32;   10.78;    5.79;    3.74;  14.5;  18.0;   1.8;  52.40;    9;    56.4;    8.0;eor
       1078;20001201;20001231;   10;  5.67;   5.78;    7.95;    3.68;    3.53;  14.8;  22.0;  -3.2;  53.80;    9;    39.9;    7.7;eor
       1078;20010101;20010131;   10;  5.29;   3.10;    6.22;   -0.19;    2.93;  12.6;  19.0;  -8.7;  69.00;    9;    85.4;   25.3;eor
       1078;20010201;20010228;   10;  6.01;   4.97;    8.04;    1.99;    2.99;  14.4;  17.0;  -4.6;  65.50;    9;    51.5;   12.1;eor
       1078;20010301;20010331;   10;  6.36;   6.14;    9.45;    3.17;    2.96;  14.8;  20.0;  -4.8;  50.50;    9;    97.4;   11.8;eor
       1078;20010401;20010430;   10;  5.82;   8.62;   12.75;    4.36;    2.97;  22.2;  20.9;  -3.8;  99.20;    9;    94.8;   14.5;eor
       1078;20010501;20010531;   10;  4.13;  15.32;   21.05;    9.19;    2.68;  26.2;  16.8;   3.5; 264.60;    9;    19.5;    7.0;eor
       1078;20010601;20010630;   10;  5.13;  15.94;   21.35;   10.44;    2.47;  30.6;  17.7;   4.7; 191.90;    9;    82.2;   24.2;eor
       1078;20010701;20010731;   10;  4.64;  19.59;   24.78;   14.36;    2.81;  31.8;  24.7;   9.3; 217.10;    9;    66.6;   17.6;eor
       1078;20010801;20010831;   10;  4.41;  19.93;   25.50;   14.56;    2.58;  35.1;  17.7;   7.7; 202.10;    9;    44.7;   11.0;eor
       1078;20010901;20010930;   10;  6.01;  13.34;   17.29;    9.94;    2.93;  21.7;  17.0;   5.9;  82.30;    9;   139.8;   19.9;eor
       1078;20011001;20011031;   10;  4.81;  14.75;   18.58;   11.38;    3.16;  24.2;  18.5;   6.7; 116.50;    9;    61.2;   13.6;eor
       1078;20011101;20011130;   10;  6.07;   6.02;    9.05;    2.61;    2.37;  13.0;  21.0;  -5.2;  57.90;    9;    93.8;   20.9;eor
       1078;20011201;20011231;   10;  5.60;   2.58;    5.23;   -0.45;    2.84;  13.0;  25.1;  -7.6;  59.90;    9;    56.7;   19.3;eor
       1078;20020101;20020131;   10;  5.41;   4.22;    6.69;    1.83;    3.55;  14.2;  26.7;  -5.9;  76.00;    9;    59.7;   19.0;eor
       1078;20020201;20020228;   10;  5.71;   7.35;   10.43;    3.89;    4.04;  17.2;  25.1;  -2.2;-999;    9;   122.0;   14.6;eor
       1078;20020301;20020331;   10;  4.95;   7.52;   12.06;    2.81;    2.81;  17.2;  21.0;  -4.3; 140.60;    9;    54.1;   13.6;eor
       1078;20020401;20020430;   10;  4.52;   9.73;   14.72;    4.68;    2.80;  21.0;  29.5;  -1.6; 172.70;    9;    78.2;   18.8;eor
       1078;20020501;20020531;   10;  5.38;  14.48;   19.15;    9.34;    2.61;  26.2;  22.0;   4.6; 179.80;    9;    51.5;   23.8;eor
       1078;20020601;20020630;   10;  5.08;  18.06;   23.35;   12.39;    2.50;  34.8;  18.1;   5.1; 189.50;    9;    60.7;   14.5;eor
       1078;20020701;20020731;   10;  5.59;  18.39;   23.18;   13.99;    2.52;  32.9;  18.2;   9.0; 144.70;    9;    76.8;   17.1;eor
       1078;20020801;20020831;   10;  4.87;  19.26;   24.17;   14.95;    2.13;  31.5;  15.6;  10.9; 140.70;    9;    76.1;   20.4;eor
       1078;20020901;20020930;   10;  4.60;  14.62;   19.59;    9.56;    2.13;  27.8;  18.7;   3.4; 153.30;    9;    22.9;    8.5;eor
       1078;20021001;20021031;   10;  5.71;  10.18;   13.92;    6.11;    2.97;  21.0;  30.8;   1.0;  91.10;    9;    60.0;   11.4;eor
       1078;20021101;20021130;   10;  5.99;   8.64;   11.33;    5.20;    2.90;  15.6;  19.8;  -1.2;  50.10;    9;    89.6;   15.8;eor
       1078;20021201;20021231;   10;  6.01;   3.73;    6.23;    0.93;    2.77;  12.9;  17.9; -10.7;  49.80;    9;    75.8;   18.0;eor
       1078;20030101;20030131;   10;  6.01;   2.27;    4.83;   -0.67;    3.16;  12.6;  24.0; -13.1;  55.20;    9;    68.2;    9.1;eor
       1078;20030201;20030228;   10;  3.20;   2.06;    6.89;   -2.48;    2.54;  14.6;  16.4;  -8.4; 161.50;    9;    11.4;    2.8;eor
       1078;20030301;20030331;   10;  3.92;   8.32;   13.81;    2.70;    2.52;  21.3;  14.5;  -3.8; 196.20;    9;    43.1;   14.9;eor
       1078;20030401;20030430;   10;  3.92;  10.46;   16.33;    3.99;    2.83;  25.9;  19.0;  -6.3; 219.60;    9;    31.6;   11.0;eor
       1078;20030501;20030531;   10;  5.11;  14.65;   19.60;    9.58;    2.71;  30.3;  20.8;   2.7; 197.10;    9;    54.7;    9.3;eor
       1078;20030601;20030630;   10;  4.08;  19.88;   26.17;   13.24;    2.40;  30.7;  19.6;   7.5; 266.90;    9;    48.8;   16.4;eor
       1078;20030701;20030731;   10;  4.39;  20.14;   25.80;   14.45;    2.55;  36.2;  26.0;  10.6; 224.60;    9;    61.9;   22.9;eor
       1078;20030801;20030831;   10;  3.32;  21.15;   27.45;   14.59;    2.10;  38.5;  12.6;   9.8; 249.10;    9;    27.8;   15.9;eor
       1078;20030901;20030930;   10;  3.35;  15.55;   21.91;    9.96;    2.23;  30.3;  17.1;   3.2; 230.70;    9;    45.4;   14.5;eor
       1078;20031001;20031031;   10;  4.98;   7.74;   11.80;    3.54;    2.58;  18.7;  25.3;  -5.4; 116.70;    9;    82.0;   24.3;eor
       1078;20031101;20031130;   10;  5.47;   8.86;   11.71;    5.61;    2.97;  16.6;  19.8;   0.2;  84.10;    9;    34.4;    9.6;eor
       1078;20031201;20031231;   10;  5.32;   4.30;    7.43;    0.86;    3.06;  14.3;  21.1;  -7.5;  68.30;    9;    55.6;   11.2;eor
       1078;20040101;20040131;   10;  6.57;   3.23;    5.47;    0.36;    3.32;  12.6;  28.0;  -7.2;  31.30;    9;    72.9;   10.9;eor
       1078;20040201;20040229;   10;  5.88;   4.73;    7.46;    1.76;    3.03;  16.8;  26.5;  -6.4;  48.50;    9;    39.3;   10.0;eor
       1078;20040301;20040331;   10;  4.66;   6.17;   10.89;    1.35;    2.77;  22.4;  26.2;  -6.7; 139.30;    9;    22.7;    6.2;eor
       1078;20040401;20040430;   10;  4.91;  10.88;   16.29;    5.30;    2.63;  25.6;  18.6;  -1.8; 160.60;    9;    43.3;    9.8;eor
       1078;20040501;20040531;   10;  5.06;  12.60;   18.04;    6.85;    2.35;  24.6;  15.0;   2.0; 160.50;    9;    33.2;   19.1;eor
       1078;20040601;20040630;   10;  5.19;  16.21;   21.47;   10.86;    2.47;  30.6;  20.6;   6.1; 163.70;    9;    52.7;   13.3;eor
       1078;20040701;20040731;   10;  4.78;  17.55;   22.74;   12.68;    2.42;  29.7;  21.4;   8.1;-999;    9;    83.8;   12.3;eor
       1078;20040801;20040831;   10;  4.75;  19.61;   24.90;   14.85;    2.84;  32.5;  18.1;   8.8; 182.50;    9;   100.7;   33.4;eor
       1078;20040901;20040930;   10;  4.37;  15.78;   20.71;   10.98;    2.94;  28.6;  17.1;   4.9; 189.80;    9;    74.6;   28.1;eor
       1078;20041001;20041031;   10;  5.03;  12.09;   15.97;    8.36;    3.00;  21.8;  18.9;   2.6; 117.90;    9;    50.5;   17.7;eor
       1078;20041101;20041130;   10;  5.69;   5.95;    8.87;    2.58;    2.47;  14.7;  15.2;  -2.7;  64.90;    9;    97.2;   42.0;eor
       1078;20041201;20041231;   10;  5.57;   2.37;    5.15;   -0.51;    2.61;  11.8;  17.6;  -7.1;  64.70;    9;    44.6;   15.5;eor
       1078;20050101;20050131;   10;  5.62;   4.75;    7.45;    1.86;    3.32;  15.6;  22.0;  -6.6;  63.00;    9;    75.3;   23.0;eor
       1078;20050201;20050228;   10;  5.58;   1.90;    4.49;   -0.72;    2.71;  12.4;  20.7; -11.1;  70.50;    9;    76.0;   25.5;eor
       1078;20050301;20050331;   10;  6.19;   7.23;   11.07;    3.55;    2.68;  20.4;  17.8;  -5.5;  93.80;    9;    40.2;    9.4;eor
       1078;20050401;20050430;   10;  5.10;  11.07;   15.75;    6.03;    2.43;  21.6;  18.1;   0.6; 142.10;    9;    65.0;   22.5;eor
       1078;20050501;20050531;   10;  4.71;  13.85;   18.88;    8.07;    2.52;  31.6;  18.2;   1.4; 200.00;    9;    81.3;   17.6;eor
       1078;20050601;20050630;   10;  4.58;  17.77;   23.16;   11.60;    2.33;  33.5;  14.1;   4.8; 249.70;    9;    64.5;   21.7;eor
       1078;20050701;20050731;   10;  4.83;  18.97;   23.82;   14.31;    2.61;  31.8;  19.5;   9.4; 201.90;    9;    61.5;   12.6;eor
       1078;20050801;20050831;   10;  4.52;  16.52;   21.52;   11.43;    2.35;  28.9;  17.4;   7.6; 186.90;    9;    97.6;   17.1;eor
       1078;20050901;20050930;   10;  3.84;  16.54;   22.02;   11.46;    2.33;  29.0;  14.9;   3.4; 201.50;    9;    50.9;   22.6;eor
       1078;20051001;20051031;   10;  3.38;  13.63;   18.62;    9.59;    2.94;  22.4;  16.0;   1.1; 186.70;    9;    54.6;   24.2;eor
       1078;20051101;20051130;   10;  5.70;   6.24;    9.09;    3.23;    2.93;  19.5;  20.7;  -3.4;  60.90;    9;    53.5;    8.5;eor
       1078;20051201;20051231;   10;  6.32;   3.47;    5.54;    0.88;    2.84;  10.0;  19.1;  -5.8;  33.80;    9;    31.9;    4.9;eor
       1078;20060101;20060131;   10;  4.71;   0.96;    3.89;   -2.55;    2.77;  10.0;  13.8;  -9.6; 103.00;    9;    23.6;    7.7;eor
       1078;20060201;20060228;   10;  6.94;   2.16;    4.67;   -0.02;    2.82;  10.3;  17.3;  -6.2;  41.40;    9;    65.7;   13.6;eor
       1078;20060301;20060331;   10;  5.08;   3.92;    7.75;    0.25;    3.03;  19.1;  18.0;  -9.4; 121.50;    9;    64.1;   16.0;eor
       1078;20060401;20060430;   10;  5.27;   9.18;   13.66;    4.17;    2.73;  23.9;  18.2;  -2.0; 127.00;    9;    53.6;    8.8;eor
       1078;20060501;20060531;   10;  5.22;  14.74;   19.29;    9.57;    2.97;  26.3;  19.3;   2.6; 184.70;    9;   125.2;   27.0;eor
       1078;20060601;20060630;   10;  4.14;  17.81;   23.15;   11.65;    2.27;  32.7;  27.3;   5.6; 255.80;    9;    28.6;   17.3;eor
       1078;20060701;20060731;   10;  2.96;  23.61;   29.91;   17.11;    2.32;  36.3;  16.0;  12.8; 327.20;    9;    28.5;    9.1;eor
       1078;20060801;20060831;   10;  5.74;  16.33;   20.71;   12.60;    2.55;  25.1;  17.5;   9.0;  99.40;    9;   145.0;   25.0;eor
       1078;20060901;20060930;   10;  4.15;  18.66;   23.53;   13.94;    2.57;  29.0;  16.6;   7.4; 176.40;    9;    21.2;    5.2;eor
       1078;20061001;20061031;   10;  5.25;  14.29;   17.86;   10.53;    3.03;  23.7;  20.8;   3.3; 115.00;    9;    41.6;    9.8;eor
       1078;20061101;20061130;   10;  5.59;   9.19;   12.07;    5.81;    3.17;  18.2;  17.4;  -2.0;  59.70;    9;    79.0;   16.7;eor
       1078;20061201;20061231;   10;  6.29;   6.17;    8.43;    3.45;    3.26;  16.3;  29.3;  -3.9;  45.00;    9;    85.5;   23.6;eor
       1078;20070101;20070131;   10;  6.22;   6.72;    9.20;    3.72;    3.71;  14.6;  40.3;  -7.2;  38.20;    9;    93.6;   19.0;eor
       1078;20070201;20070228;   10;  6.26;   6.43;    9.47;    3.80;    3.04;  13.8;  20.3;  -4.6;  45.70;    9;    90.9;   12.8;eor
       1078;20070301;20070331;   10;  4.45;   8.13;   12.73;    3.67;    2.97;  19.1;  22.9;  -2.7; 156.80;    9;    64.2;   10.7;eor
       1078;20070401;20070430;   10;  2.82;  13.60;   20.17;    5.99;    2.37;  28.1;  14.0;  -1.3; 295.40;    9;     2.8;    2.8;eor
       1078;20070501;20070531;   10;  5.05;  15.24;   19.59;   10.37;    2.87;  26.7;  23.0;   4.7; 181.20;    9;   115.0;   28.1;eor
       1078;20070601;20070630;   10;  5.33;  18.29;   22.70;   14.01;    2.57;  31.0;  21.6;   9.3; 153.60;    9;    86.8;   17.0;eor
       1078;20070701;20070731;   10;  4.99;  18.09;   22.74;   13.35;    2.97;  35.2;  18.4;   8.7; 182.60;    9;   112.1;   23.9;eor
       1078;20070801;20070831;   10;  4.95;  17.51;   22.04;   12.79;    2.52;  31.5;  17.6;   5.8; 177.60;    9;   123.8;   36.8;eor
       1078;20070901;20070930;   10;  5.41;  14.03;   18.30;    9.80;    2.53;  23.7;  18.3;   6.2; 112.80;    9;    43.0;   12.7;eor
       1078;20071001;20071031;   10;  4.76;  10.12;   14.25;    5.77;    2.29;  20.7;  13.1;  -2.2; 119.30;    9;    43.2;   26.9;eor
       1078;20071101;20071130;   10;  6.11;   6.31;    8.88;    3.56;    2.93;  13.6;  17.4;  -2.5;  39.40;    9;    95.4;   19.2;eor
       1078;20071201;20071231;   10;  5.13;   3.65;    6.19;    0.76;    2.97;  13.8;  21.1;  -9.2;  61.10;    9;    55.6;   12.3;eor
       1078;20080101;20080131;   10;  6.11;   6.18;    8.71;    3.19;    3.68;  12.9;  23.3;  -6.1;  41.52;    9;    70.4;   11.4;eor
       1078;20080201;20080229;   10;  4.41;   5.27;    9.69;    0.99;    2.86;  15.9;  20.1;  -5.8; 122.30;    9;    37.6;    9.4;eor
       1078;20080301;20080331;   10;  6.24;   6.11;    9.56;    2.82;    3.42;  18.2;  29.0;  -3.6;  77.40;    9;    75.9;   12.7;eor
       1078;20080401;20080430;   10;  5.24;   9.10;   13.61;    4.21;    2.50;  21.3;  15.9;  -1.4; 117.10;    9;    71.5;   18.3;eor
       1078;20080501;20080531;   10;  4.05;  16.19;   21.67;    9.96;    2.32;  26.7;  18.9;   3.8; 221.60;    9;    50.4;   17.0;eor
       1078;20080601;20080630;   10;  4.53;  17.21;   22.55;   11.75;    2.40;  29.8;  24.7;   7.0; 188.00;    9;    81.0;   19.0;eor
       1078;20080701;20080731;   10;  5.04;  18.45;   23.26;   13.55;    2.61;  33.0;  17.7;   9.3; 159.00;    9;   135.9;   28.6;eor
       1078;20080801;20080831;   10;  5.40;  18.27;   22.54;   14.17;    2.90;  29.1;  22.2;   9.4; 131.80;    9;    94.5;   42.0;eor
       1078;20080901;20080930;   10;  4.74;  13.69;   18.01;    9.24;    2.63;  26.4;  27.2;   3.0; 121.00;    9;    39.2;    8.5;eor
       1078;20081001;20081031;   10;  5.48;  10.40;   14.34;    6.81;    2.61;  21.2;  19.6;   0.7;  86.20;    9;    68.3;   26.9;eor
       1078;20081101;20081130;   10;  6.37;   6.75;    9.61;    3.36;    2.73;  16.4;  27.0;  -4.5;  41.50;    9;    45.6;    7.6;eor
       1078;20081201;20081231;   10;  5.31;   2.35;    4.97;   -0.52;    2.48;  10.2;  13.2;  -9.4;  59.80;    9;    41.9;    7.5;eor
       1078;20090101;20090131;   10;  4.64;  -0.24;    3.30;   -4.28;    2.71;   8.9;  19.2; -19.9;  95.00;    9;    43.5;   10.6;eor
       1078;20090201;20090228;   10;  6.68;   3.35;    6.10;    0.27;    2.64;  10.6;  16.8;  -5.6;  26.90;    9;    52.8;   12.7;eor
       1078;20090301;20090331;   10;  5.57;   6.15;   10.26;    1.57;    2.74;  16.0;  22.5;  -2.6;  99.90;    9;    86.7;   21.2;eor
       1078;20090401;20090430;   10;  3.94;  13.20;   18.90;    6.89;    2.40;  25.3;  16.0;   3.2; 192.30;    9;    24.9;    8.9;eor
       1078;20090501;20090531;   10;  4.68;  14.79;   20.34;    8.20;    2.61;  29.9;  17.7;   2.6; 208.80;    9;    27.2;    5.5;eor
       1078;20090601;20090630;   10;  4.79;  16.25;   21.45;   10.81;    2.53;  28.8;  21.9;   4.9; 184.50;    9;    58.3;   16.4;eor
       1078;20090701;20090731;   10;  4.78;  19.01;   24.22;   14.00;    2.68;  31.0;  17.7;  10.1; 212.30;    9;   138.2;   57.4;eor
       1078;20090801;20090831;   10;  3.92;  19.32;   25.09;   13.08;    2.23;  34.9;  16.8;   8.6; 243.70;    9;    44.9;   24.3;eor
       1078;20090901;20090930;   10;  4.56;  15.65;   20.68;   10.57;    2.40;  28.9;  20.9;   5.1; 153.60;    9;    28.4;   12.3;eor
       1078;20091001;20091031;   10;  5.29;  10.40;   14.54;    5.59;    2.58;  22.4;  17.6;  -3.6;  95.90;    9;   105.7;   38.9;eor
       1078;20091101;20091130;   10;  6.30;   9.84;   12.32;    6.88;    3.47;  17.5;  22.3;   0.2;  41.10;    9;   105.6;   19.5;eor
       1078;20091201;20091231;   10;  6.08;   2.56;    4.88;   -0.29;    2.90;  11.7;  17.2; -14.2;  40.60;    9;    94.5;   15.7;eor
       1078;20100101;20100131;   10;  6.85;  -0.62;    1.19;   -3.16;    2.71;   6.3;  15.5; -13.2;  34.30;    9;    38.0;    8.3;eor
       1078;20100201;20100228;   10;  6.87;   2.23;    5.01;   -0.37;    3.07;  12.7;  29.1;  -5.4;  24.30;    9;    42.3;   10.3;eor
       1078;20100301;20100331;   10;  5.59;   6.37;   10.71;    2.18;    2.94;  22.4;  22.6;  -6.7; 111.70;    9;    45.8;    9.7;eor
       1078;20100401;20100430;   10;  3.91;  10.26;   16.23;    3.48;    2.70;  26.9;  15.7;  -2.5; 207.00;    9;     9.5;    2.8;eor
       1078;20100501;20100531;   10;  5.56;  11.14;   15.67;    6.17;    2.42;  26.1;  18.3;   0.7; 139.80;    9;    69.0;   18.1;eor
       1078;20100601;20100630;   10;  4.50;  17.65;   23.52;   10.82;    2.27;  30.7;  15.7;   6.0; 260.60;    9;    19.8;    6.3;eor
       1078;20100701;20100731;   10;  4.36;  21.65;   27.79;   15.15;    2.42;  36.0;  25.5;   9.2; 267.80;    9;    92.4;   22.4;eor
       1078;20100801;20100831;   10;  5.48;  17.52;   21.93;   13.32;    2.58;  27.6;  19.5;   8.6; 141.80;    9;   163.2;   29.7;eor
       1078;20100901;20100930;   10;  5.56;  13.76;   17.98;    9.15;    2.47;  23.8;  15.8;   5.4; 122.70;    9;    67.5;   12.4;eor
       1078;20101001;20101031;   10;  5.17;  10.16;   14.17;    6.21;    2.68;  23.2;  15.5;  -1.6; 110.70;    9;    37.0;    9.9;eor
       1078;20101101;20101130;   10;  6.83;   6.24;    8.53;    3.57;    2.73;  16.7;  20.0;  -7.3;  24.10;    9;    93.4;   39.4;eor
       1078;20101201;20101231;   10;  6.75;  -1.41;    0.65;   -4.41;    2.68;   6.9;  15.1; -10.5;  20.40;    9;    63.6;    9.9;eor
       1078;20110101;20110131;   10;  5.95;   3.13;    5.62;    0.22;    2.71;  13.1;  16.6;  -7.7;  46.90;    9;    86.6;   17.3;eor
       1078;20110201;20110228;   10;  6.46;   4.55;    7.44;    1.41;    3.11;  14.9;  17.6;  -8.2;  68.70;    9;    58.6;   13.4;eor
       1078;20110301;20110331;   10;  3.85;   6.85;   12.22;    1.37;    2.52;  18.6;  16.6;  -3.9; 192.00;    9;    18.3;    8.6;eor
       1078;20110401;20110430;   10;  3.64;  13.38;   19.71;    6.40;    2.43;  26.5;  19.6;  -0.7; 236.70;    9;    26.1;    7.5;eor
       1078;20110501;20110531;   10;  4.42;  15.41;   21.47;    8.58;    2.71;  31.1;  20.7;  -0.1; 263.00;    9;    16.4;    7.8;eor
       1078;20110601;20110630;   10;  5.18;  17.19;   22.42;   11.78;    2.63;  33.8;  22.2;   6.8; 200.00;    9;    88.0;   18.1;eor
       1078;20110701;20110731;   10;  6.04;  16.62;   21.55;   12.08;    2.68;  29.8;  19.9;   7.6; 122.40;    9;    81.1;   17.9;eor
       1078;20110801;20110831;   10;  5.30;  18.14;   23.05;   13.43;    2.61;  28.5;  20.9;   8.0; 162.80;    9;   122.9;   37.9;eor
       1078;20110901;20110930;   10;  4.68;  16.70;   21.44;   11.97;    2.73;  29.2;  18.9;   6.8; 164.00;    9;    35.1;    8.1;eor
       1078;20111001;20111031;   10;  4.19;  11.60;   15.98;    7.35;    2.77;  27.7;  17.4;  -0.6; 153.70;    9;    56.7;   14.3;eor
       1078;20111101;20111130;   10;  4.27;   7.75;   12.05;    3.27;    2.63;  19.8;  15.8;  -4.6; 128.90;    9;     6.4;    4.0;eor
       1078;20111201;20111231;   10;  6.42;   5.78;    8.41;    3.20;    3.58;  13.4;  24.7;  -1.2;  32.10;    9;   113.5;   10.9;eor
       1078;20120101;20120131;   10;  5.81;   4.43;    7.30;    1.34;    3.06;  14.6;  24.2;  -6.3;  52.60;    9;    88.1;   14.9;eor
       1078;20120201;20120229;   10;  5.16;   0.29;    3.54;   -3.43;    2.72;  12.4;  14.9; -13.8;  90.30;    9;    15.0;    3.9;eor
       1078;20120301;20120331;   10;  4.96;   8.94;   13.50;    3.44;    2.45;  20.7;  15.3;  -1.4; 139.70;    9;    26.6;   10.4;eor
       1078;20120401;20120430;   10;  6.08;   9.12;   13.51;    4.69;    2.77;  26.3;  18.5;  -3.3; 108.10;    9;    66.9;   10.9;eor
       1078;20120501;20120531;   10;  4.78;  15.22;   20.48;    9.49;    2.45;  28.4;  13.8;  -0.1; 213.30;    9;    38.5;    9.4;eor
       1078;20120601;20120630;   10;  5.67;  15.79;   20.23;   11.30;    2.60;  28.9;  18.9;   6.4; 133.50;    9;    83.8;   13.3;eor
       1078;20120701;20120731;   10;  4.99;  18.06;   23.02;   13.06;    2.61;  30.9;  18.9;   7.1; 187.90;    9;    94.3;   19.2;eor
       1078;20120801;20120831;   10;  4.51;  19.72;   25.10;   13.93;    2.65;  36.9;  15.9;   8.4; 232.50;    9;    54.2;   14.5;eor
       1078;20120901;20120930;   10;  4.73;  14.39;   19.62;    9.03;    2.40;  30.7;  23.9;   3.8; 138.40;    9;    34.3;    7.8;eor
       1078;20121001;20121031;   10;  4.95;  10.76;   15.03;    6.49;    2.90;  23.3;  18.2;  -4.7; 116.70;    9;    79.7;   21.4;eor
       1078;20121101;20121130;   10;  5.72;   7.12;    9.89;    4.03;    2.97;  14.6;  22.1;  -0.7;  54.30;    9;    38.1;    9.2;eor
       1078;20121201;20121231;   10;  6.75;   4.75;    6.82;    2.39;    3.26;  13.5;  18.4;  -9.4;  29.30;    9;   104.3;   18.0;eor
       1078;20130101;20130131;   10;  6.84;   2.16;    4.11;   -0.12;    2.71;  13.6;  20.1;  -7.9;  21.10;    9;    39.4;    6.2;eor
       1078;20130201;20130228;   10;  6.55;   1.30;    3.67;   -1.16;    2.71;  10.3;  21.2;  -5.4;  39.50;    9;    40.6;    9.6;eor
       1078;20130301;20130331;   10;  5.82;   2.59;    6.60;   -1.29;    2.77;  20.2;  15.4; -11.9; 108.30;    9;    32.6;    8.9;eor
       1078;20130401;20130430;   10;  5.61;   9.32;   14.02;    4.03;    2.83;  24.6;  17.5;  -3.9; 147.30;    9;    17.8;    5.9;eor
       1078;20130501;20130531;   10;  5.67;  12.24;   17.12;    7.40;    2.58;  25.4;  16.5;   0.6; 154.00;    9;    99.6;   20.2;eor
       1078;20130601;20130630;   10;  5.37;  16.33;   21.28;   10.63;    2.70;  32.8;  16.7;   4.5; 157.90;    9;    61.3;   16.8;eor
       1078;20130701;20130731;   10;  4.11;  20.30;   25.73;   14.12;    2.23;  34.0;  18.0;   9.5; 255.20;    9;    21.4;   14.3;eor
       1078;20130801;20130831;   10;  4.36;  19.16;   24.95;   12.66;    2.48;  36.8;  14.8;   7.4; 202.80;    9;    28.4;    9.5;eor
       1078;20130901;20130930;   10;  5.37;  14.80;   19.60;   10.13;    2.50;  32.9;  18.3;   3.4; 125.30;    9;    74.5;   17.6;eor
       1078;20131001;20131031;   10;  5.61;  12.51;   16.23;    8.43;    2.90;  22.3;  24.8;   0.7; 105.00;    9;    67.7;   12.3;eor
       1078;20131101;20131130;   10;  6.62;   6.17;    8.63;    3.07;    2.53;  15.2;  19.2;  -4.7;  38.80;    9;    61.8;   16.4;eor
       1078;20131201;20131231;   10;  5.96;   5.87;    8.46;    2.69;    3.32;  13.3;  21.2;  -2.7;  52.70;    9;    61.2;   13.2;eor
       1078;20140101;20140131;   10;  5.78;   5.71;    8.33;    2.65;    3.19;  13.6;  23.0;  -4.4;  74.10;    9;    43.5;   11.4;eor
       1078;20140201;20140228;   10;  5.59;   6.79;    9.97;    3.66;    3.64;  14.4;  25.8;  -2.4;  83.10;    9;    44.9;    6.2;eor
       1078;20140301;20140331;   10;  4.02;   8.79;   14.67;    2.61;    2.58;  22.2;  18.6;  -3.2; 196.60;    9;     8.2;    3.0;eor
       1078;20140401;20140430;   10;  5.24;  12.52;   17.70;    6.56;    2.40;  25.1;  19.8;  -1.5; 150.60;    9;    41.2;   10.9;eor
       1078;20140501;20140531;   10;  5.46;  13.28;   17.98;    7.99;    2.45;  27.5;  21.4;   1.2; 157.90;    9;   145.5;   27.5;eor
       1078;20140601;20140630;   10;  4.56;  16.70;   21.90;   10.65;    2.20;  30.3;  39.5;   6.0; 207.40;    9;    58.8;   30.0;eor
       1078;20140701;20140731;   10;  5.01;  20.11;   25.21;   15.01;    2.26;  34.0;  22.0;   6.0; 214.90;    9;   163.2;   44.9;eor
       1078;20140801;20140831;   10;  5.46;  16.63;   21.15;   12.43;    2.61;  28.5;  17.1;   6.9; 162.30;    9;    93.7;   15.4;eor
       1078;20140901;20140930;   10;  4.76;  16.03;   20.80;   10.94;    2.07;  25.2;  16.1;   5.5; 151.20;    9;    21.6;   11.6;eor
       1078;20141001;20141031;   10;  5.62;  13.65;   17.21;   10.11;    2.77;  24.0;  19.3;   5.0; 109.90;    9;    51.3;   17.3;eor
       1078;20141101;20141130;   10;  5.85;   8.63;   11.39;    5.57;    2.67;  20.4;  16.1;  -1.7;  86.60;    9;    36.9;   10.9;eor
       1078;20141201;20141231;   10;  6.56;   4.54;    6.60;    1.97;    3.10;  12.9;  20.9;  -4.9;  26.40;    9;    64.8;    9.6;eor
       1078;20150101;20150131;   10;  6.25;   3.68;    6.28;    0.72;    3.19;  14.4;  22.4;  -4.6;  38.50;    9;    80.4;   20.9;eor
       1078;20150201;20150228;   10;  5.03;   3.06;    6.33;   -0.21;    2.89;  12.1;  19.3;  -6.1;  90.70;    9;    54.2;   12.9;eor
       1078;20150301;20150331;   10;  5.23;   6.41;   10.87;    1.55;    2.61;  18.4;  28.8;  -3.7; 125.40;    9;    60.7;   14.5;eor
       1078;20150401;20150430;   10;  4.39;   9.70;   15.20;    2.86;    2.40;  24.1;  21.4;  -2.7; 222.40;    9;    27.2;   10.7;eor
       1078;20150501;20150531;   10;  5.44;  13.34;   18.56;    7.42;    2.68;  26.2;  23.0;   0.1; 190.20;    9;    27.8;    8.3;eor
       1078;20150601;20150630;   10;  4.88;  16.86;   22.17;   10.34;    2.50;  33.1;  14.4;   4.3; 227.30;    9;    53.8;   25.6;eor
       1078;20150701;20150731;   10;  4.73;  19.82;   25.11;   14.09;    2.65;  37.2;  21.0;   5.9; 206.90;    9;    48.9;   12.2;eor
       1078;20150801;20150831;   10;  4.98;  19.92;   25.35;   14.18;    2.45;  34.2;  18.0;   8.9; 233.00;    9;   137.0;   22.9;eor
       1078;20150901;20150930;   10;  4.79;  13.83;   18.17;    9.53;    2.73;  21.7;  16.7;   5.4; 131.00;    9;    64.3;   13.1;eor
       1078;20151001;20151031;   10;  5.50;  10.00;   13.56;    6.11;    2.39;  20.5;  12.5;  -0.7; 101.20;    9;    48.3;   10.4;eor
       1078;20151101;20151130;   10;  5.97;   9.91;   12.63;    6.90;    3.43;  19.1;  25.2;   0.0;  67.70;    9;    84.7;   24.1;eor
       1078;20151201;20151231;   10;  6.10;   9.49;   12.10;    7.02;    3.48;  16.1;  20.2;   2.7;  78.10;    9;    46.5;    5.6;eor
       1078;20160101;20160131;   10;  6.12;   4.74;    7.09;    2.30;    3.48;  14.1;  19.0;  -6.9;  62.50;    9;    70.8;   10.9;eor
       1078;20160201;20160229;   10;  5.83;   4.59;    7.91;    0.97;    3.24;  12.7;  25.4;  -6.6;  79.60;    9;    72.8;   14.3;eor
       1078;20160301;20160331;   10;  5.21;   5.28;    9.12;    1.15;    2.94;  15.6;  19.9;  -6.3; 111.30;    9;    43.6;   10.0;eor
       1078;20160401;20160430;   10;  5.08;   9.34;   13.99;    4.22;    2.87;  20.3;  19.4;  -0.6; 162.60;    9;    55.3;    9.8;eor
       1078;20160501;20160531;   10;  4.96;  15.12;   20.29;    9.25;    2.74;  26.3;  13.5;   0.8; 202.10;    9;    58.2;   25.1;eor
       1078;20160601;20160630;   10;  5.84;  17.51;   22.63;   13.10;    2.30;  33.4;  16.1;   9.1; 137.30;    9;   138.8;   22.0;eor
       1078;20160701;20160731;   10;  5.10;  19.51;   24.45;   14.07;    2.58;  35.0;  19.5;   7.6; 192.00;    9;    25.0;    5.8;eor
       1078;20160801;20160831;   10;  4.13;  18.86;   24.34;   13.08;    2.68;  33.5;  22.1;   6.4; 221.20;    9;    44.0;   10.7;eor
       1078;20160901;20160930;   10;  4.22;  18.38;   24.35;   12.29;    2.37;  32.6;  16.3;   6.8; 219.10;    9;    14.3;    9.6;eor
       1078;20161001;20161031;   10;  5.58;  10.03;   13.77;    6.10;    2.39;  19.8;  16.8;  -1.1;  89.80;    9;    37.8;   12.6;eor
       1078;20161101;20161130;   10;  6.16;   6.09;    9.00;    2.94;    3.00;  14.6;  23.5;  -7.3;  55.10;    9;    57.9;    9.5;eor
       1078;20161201;20161231;   10;  5.15;   4.49;    7.35;    1.43;    2.77;  11.3;  18.3;  -8.1;  80.20;    9;    22.8;    6.9;eor
       1078;20170101;20170131;   10;  5.18;   0.71;    3.85;   -3.06;    2.58;   9.6;  18.0;  -9.9;  91.80;    9;    43.9;   13.2;eor
       1078;20170201;20170228;   10;  5.97;   5.83;    9.19;    2.05;    3.11;  15.5;  24.7;  -4.8;  67.50;    9;    58.0;   15.3;eor
       1078;20170301;20170331;   10;  5.55;   9.51;   14.10;    4.46;    3.13;  23.5;  25.4;  -0.9; 149.40;    9;    59.1;   16.4;eor
       1078;20170401;20170430;   10;  4.90;   8.49;   13.68;    2.06;    2.37;  23.1;  15.8;  -4.1; 141.20;    9;    20.3;   13.2;eor
       1078;20170501;20170531;   10;  5.07;  16.02;   21.56;    9.74;    2.45;  33.8;  15.1;  -0.5; 225.50;    9;    42.1;    8.8;eor
       1078;20170601;20170630;   10;  4.84;  19.54;   24.93;   13.22;    2.87;  35.2;  20.9;   8.7; 214.70;    9;    39.2;   10.1;eor
       1078;20170701;20170731;   10;  5.51;  19.43;   24.59;   13.84;    2.74;  32.8;  21.1;   7.3; 185.70;    9;    95.9;   18.1;eor
       1078;20170801;20170831;   10;  5.35;  18.44;   23.10;   13.40;    2.55;  30.7;  15.6;   9.5; 156.70;    9;    73.3;   15.8;eor
       1078;20170901;20170930;   10;  5.34;  14.41;   19.11;   10.23;    2.87;  25.5;  23.3;   6.2; 121.10;    9;    90.0;   27.0;eor
       1078;20171001;20171031;   10;  5.64;  13.23;   16.57;    9.75;    3.16;  24.1;  20.7;   2.1;  85.60;    9;    42.7;    5.5;eor
       1078;20171101;20171130;   10;  6.26;   6.90;    9.74;    3.62;    2.83;  15.4;  18.3;  -2.4;  45.00;    9;    64.7;   12.2;eor
       1078;20171201;20171231;   10;  7.18;   4.65;    6.68;    2.44;    3.26;  14.3;  21.9;  -2.1;   9.70;    9;   113.0;   20.8;eor
       1078;20180101;20180131;   10;  6.70;   5.88;    8.35;    3.16;    3.45;  14.6;  32.2;  -1.3;  22.20;    9;    85.1;   18.3;eor
       1078;20180201;20180228;   10;  3.55;   0.21;    3.93;   -3.31;    3.00;   8.3;  16.1;  -9.1; 139.40;    9;    15.1;    3.6;eor
       1078;20180301;20180331;   10;  6.02;   5.24;    9.58;    0.90;    3.10;  16.1;  18.9;  -8.7; 109.80;    9;    50.5;   10.3;eor
       1078;20180401;20180430;   10;  5.27;  13.67;   19.02;    7.08;    2.83;  28.8;  21.8;  -1.1; 155.30;    9;    45.4;   15.3;eor
       1078;20180501;20180531;   10;  4.13;  17.19;   23.44;    9.95;    2.35;  30.7;  26.6;   3.8; 290.60;    9;    93.5;   56.3;eor
       1078;20180601;20180630;   10;  4.92;  18.49;   23.34;   13.39;    2.50;  29.3;  18.0;   8.6; 192.00;    9;    45.6;   25.0;eor
       1078;20180701;20180731;   10;  3.07;  22.50;   29.18;   14.72;    2.32;  36.5;  15.6;  10.9; 321.90;    9;     7.6;    2.5;eor
       1078;20180801;20180831;   10;  4.49;  20.55;   26.51;   14.03;    2.65;  36.7;  21.6;   6.3; 236.40;    9;    47.0;   10.5;eor
       1078;20180901;20180930;   10;  4.56;  15.78;   21.80;    9.92;    2.50;  31.8;  21.6;   0.8; 190.00;    9;    38.2;   13.6;eor
       1078;20181001;20181031;   10;  4.94;  12.73;   17.85;    7.57;    2.74;  27.6;  20.4;   1.4; 156.80;    9;    23.7;    8.6;eor
       1078;20181101;20181130;   10;  5.30;   7.25;   10.85;    3.45;    2.97;  20.1;  20.1;  -2.8;  91.90;    9;    19.5;    6.4;eor
       1078;20181201;20181231;   10;  6.48;   6.01;    8.26;    3.12;    3.23;  14.3;  19.7;  -3.5;  33.50;    9;    92.8;   13.3;eor
       1078;20190101;20190131;   10;  6.42;   2.75;    5.04;   -0.21;    3.03;   9.4;  19.5;  -8.5;  39.50;    9;    67.3;   14.0;eor
       1078;20190201;20190228;   10;  4.73;   6.82;   11.99;    2.04;    2.96;  21.0;  20.6;  -2.6; 126.90;    9;    51.3;   18.4;eor
       1078;20190301;20190331;   10;  5.68;   8.30;   12.39;    3.90;    3.42;  20.5;  30.5;  -3.0;  98.30;    9;    70.9;   11.6;eor
       1078;20190401;20190430;   10;  4.38;  11.38;   17.04;    5.28;    2.60;  26.0;  27.1;  -0.1; 207.40;    9;    25.7;    7.3;eor
       1078;20190501;20190531;   10;  5.38;  11.91;   16.86;    6.32;    2.52;  23.3;  14.9;  -0.2; 173.10;    9;    54.9;   11.2;eor
       1078;20190601;20190630;   10;  4.14;  20.46;   26.54;   13.53;    2.70;  36.8;  22.5;   9.1; 298.70;    9;    48.8;   13.7;eor
       1078;20190701;20190731;   10;  4.75;  20.20;   26.32;   13.65;    2.45;  40.7;  19.2;   7.0; 213.30;    9;    14.7;   10.3;eor
       1078;20190801;20190831;   10;  4.22;  20.11;   26.12;   13.97;    2.71;  34.2;  23.1;   9.4; 237.50;    9;    63.0;   13.7;eor
       1078;20190901;20190930;   10;  5.22;  15.50;   20.63;   10.22;    2.77;  28.4;-999;   3.1; 154.80;    9;    46.0;   13.3;eor
       1078;20191001;20191031;   10;  5.97;  12.40;   16.12;    9.15;    3.03;  24.9;  26.6;  -4.2;  87.60;    9;    74.8;   13.2;eor
       1078;20191101;20191130;   10;  5.87;   6.37;    9.65;    2.88;    2.83;  15.5;  18.2;  -2.9;  49.60;    9;    87.8;   25.6;eor
       1078;20191201;20191231;   10;  5.92;   5.91;    8.41;    2.92;    3.32;  15.4;  25.7;  -4.2;  50.60;    9;    66.8;    8.8;eor
       1078;20200101;20200131;   10;  6.17;   5.67;    8.16;    2.35;    3.13;  13.4;  18.3;  -4.5;  39.60;    9;    41.5;    7.4;eor
       1078;20200201;20200229;   10;  6.23;   7.05;   10.10;    3.40;    4.10;  18.0;  30.5;  -1.9;  54.30;    9;   146.4;   20.0;eor
       1078;20200301;20200331;   10;  4.49;   7.41;   11.75;    2.79;    3.32;  16.9;  20.2;  -5.5; 178.30;    9;    63.0;   17.6;eor
       1078;20200401;20200430;   10;  2.85;  12.18;   19.06;    4.51;    2.57;  24.5;  16.3;  -3.9; 283.70;    9;    11.2;    5.8;eor
       1078;20200501;20200531;   10;  3.73;  13.68;   19.90;    5.97;    2.52;  28.7;  17.5;  -1.1; 283.20;    9;    10.2;    5.8;eor
       1078;20200601;20200630;   10;  5.21;  18.61;   23.87;   12.67;    2.60;  32.1;  19.2;   6.3; 196.90;    9;    42.1;   16.2;eor
       1078;20200701;20200731;   10;  5.09;  18.32;   23.73;   12.37;    2.65;  35.4;  17.8;   7.3; 191.20;    9;    40.8;   17.1;eor
       1078;20200801;20200831;   10;  4.80;  21.82;   27.96;   15.94;    2.71;  36.9;  22.8;   8.5; 197.60;    9;    46.4;   23.6;eor
       1078;20200901;20200930;   10;  3.88;  15.97;   22.10;   10.06;    2.37;  34.0;  16.5;   5.2; 200.10;    9;    59.6;   30.6;eor
       1078;20201001;20201031;   10;  6.55;  11.90;   14.96;    8.93;    3.23;  21.5;  18.9;   4.2;  42.50;    9;    53.8;   10.1;eor
       1078;20201101;20201130;   10;  4.93;   8.73;   12.60;    4.94;    3.00;  21.0;  28.1;  -5.7; 108.60;    9;    24.3;    9.4;eor
       1078;20201201;20201231;   10;  6.26;   5.64;    7.80;    2.73;    3.16;  14.9;  23.5;  -3.5;  41.30;    9;    78.4;   13.1;eor
       1078;20210101;20210131;   10;  7.16;   3.01;    5.33;    0.71;    2.97;  12.3;  25.7;  -3.8;  25.70;    9;    93.9;   28.0;eor
       1078;20210201;20210228;   10;  5.14;   4.71;    8.69;    0.65;    3.04;  20.0;  17.0; -13.7; 108.70;    9;    53.7;   16.0;eor
       1078;20210301;20210331;   10;  4.91;   6.87;   11.56;    2.21;    2.81;  25.7;  27.4;  -5.5; 145.00;    9;    54.6;   24.2;eor
       1078;20210401;20210430;   10;  4.72;   7.06;   12.33;    1.30;    2.43;  21.0;  18.7;  -3.3; 183.70;    9;    45.5;   15.0;eor
       1078;20210501;20210531;   10;  5.22;  11.91;   16.77;    6.48;    2.97;  27.5;  23.3;  -1.2; 161.20;    9;    77.3;    9.9;eor
       1078;20210601;20210630;   10;  4.96;  19.89;   25.33;   13.72;    2.33;  34.5;  14.7;   8.0; 241.10;    9;   118.7;   48.4;eor
       1078;20210701;20210731;   10;  5.19;  18.84;   23.56;   14.13;    2.55;  27.2;  21.6;  10.4; 168.70;    9;   166.0;   49.9;eor
       1078;20210801;20210831;   10;  5.45;  17.35;   21.76;   13.15;    2.55;  27.0;  16.6;   9.4; 132.30;    9;    94.5;   15.8;eor
       1078;20210901;20210930;   10;  4.69;  16.40;   21.56;   11.08;    2.20;  27.3;  23.0;   6.6; 183.70;    9;    25.4;    7.5;eor
       1078;20211001;20211031;   10;  5.10;  11.54;   16.04;    7.17;    3.13;  20.0;  25.9;   1.4; 119.90;    9;    61.6;    7.0;eor
       1078;20211101;20211130;   10;  6.14;   6.34;    9.04;    2.56;    2.57;  13.6;  15.9;  -2.8;  49.00;    9;    33.7;   11.9;eor
       1078;20211201;20211231;   10;  6.66;   5.45;    7.66;    2.43;    2.87;  15.2;  19.0;  -5.5;  32.30;    9;    54.1;   14.9;eor
       1078;20220101;20220131;   10;  6.61;   4.62;    6.63;    2.02;    2.90;  14.9;  20.4;  -2.5;  32.50;    9;    63.2;   14.1;eor
       1078;20220201;20220228;   10;  5.57;   6.56;    9.94;    2.49;    3.82;  14.5;-999;  -2.4;  83.90;    9;    62.5;   11.8;eor
       1078;20220301;20220331;   10;  3.15;   7.95;   13.90;    1.65;    2.52;  19.4;-999;  -4.1; 241.40;    9;    16.2;    8.5;eor
       1078;20220401;20220430;   10;  4.93;   9.87;   14.72;    4.53;    3.03;  22.8;  28.8;  -1.9; 203.10;    9;    69.8;   13.6;eor
       1078;20220501;20220531;   10;  4.98;  15.52;   21.69;    9.10;    2.55;  30.4;  20.4;   4.5; 250.60;    9;    52.9;   11.0;eor
       1078;20220601;20220630;    9;  4.84;  18.56;   24.50;   11.62;    2.43;  33.5;  23.8;   4.4; 259.50;    9;    66.1;   19.8;eor
       1078;20220701;20220731;    9;  5.46;  20.06;   25.75;   13.67;    2.52;  38.2;  16.3;   8.8; 250.40;    9;    27.7;    7.4;eor
       1078;20220801;20220831;    9;  4.54;  21.91;   28.00;   14.79;-999;  33.7;  13.4;   8.5; 284.80;    3;    15.1;    7.6;eor
       1078;20220901;20220930;    9;  5.90;  15.47;   20.32;   11.03;    2.50;  30.8;-999;   3.4; 169.30;    3;   121.7;   19.7;eor
       1078;20221001;20221031;    9;  6.35;  14.11;   18.58;    9.64;    2.87;  23.9;  17.0;   2.8; 145.00;    3;    37.8;    9.6;eor
       1078;20221101;20221130;    9;  6.36;   9.21;   12.18;    5.92;    3.20;  17.4;  17.0;  -1.2;  95.60;    3;    52.6;   10.3;eor
       1078;20221201;20221231;    9;  6.74;   4.03;    6.29;    1.06;    2.94;  17.5;  21.9; -10.0;  32.00;    3;    72.3;   19.3;eor
       1078;20230101;20230131;    9;  6.98;   5.40;    7.57;    2.69;    3.52;  17.3;  20.7;  -5.5;  30.10;    3;    66.7;   13.4;eor
       1078;20230201;20230228;    9;  5.67;   5.85;    9.21;    2.28;    2.86;  15.5;  17.1;  -5.6;  94.50;    3;    17.5;    4.5;eor
       1078;20230301;20230331;    9;  -999;   7.40;   10.97;    3.86;-999;  17.4;-999;  -4.4;  84.90;    3;   112.7;   11.3;eor
       1078;20230401;20230430;    3;  5.83;   9.15;   13.93;    3.99;-999;  21.6;  18.2;  -3.4; 163.80;    3;    64.6;   11.5;eor
       1078;20230501;20230531;    3;  5.28;  14.37;   19.94;    8.12;-999;  25.1;-999;   1.3; 246.05;    3;    44.6;   14.8;eor
       1078;20230601;20230630;    3;  3.47;  20.67;   26.44;   13.71;    2.67;  31.8;-999;   8.3; 312.75;    3;    66.2;   58.2;eor
       1078;20230701;20230731;    3;  6.10;  19.38;   24.42;   14.39;    3.10;  34.4;  20.7;  10.6; 205.46;    3;   130.2;   32.1;eor
       1078;20230801;20230831;    3;  5.65;  18.57;   23.49;   13.97;    2.55;  29.3;  20.1;   9.2; 181.39;    3;   148.2;   34.2;eor
       1078;20230901;20230930;    3;  4.88;  18.77;   24.34;   13.20;    2.53;  31.2;  23.1;   8.8; 223.62;    3;    85.4;   22.2;eor
       1078;20231001;20231031;    3;  6.82;  13.82;   17.67;   10.13;    2.94;  25.5;  17.0;   1.9; 108.70;    3;   108.3;   21.9;eor
       1078;20231101;20231130;    3;  6.69;   7.68;   10.30;    4.90;    3.47;  15.8;  23.1;  -1.7;  44.18;    3;   150.4;   31.2;eor
       1078;20231201;20231231;    3;  7.30;   6.68;    8.58;    4.24;    3.65;  12.3;  26.8;  -2.6;  21.87;    3;   122.9;   17.4;eor
