STATIONS_ID;MESS_DATUM_BEGINN;MESS_DATUM_ENDE;QN_4;MO_N;MO_TT;MO_TX;MO_TN;MO_FK;MX_TX;MX_FX;MX_TN;MO_SD_S;QN_6;MO_RR;MX_RS;eor
       5839;19970701;19970731;   10;  5.26;  17.23;   21.63;   13.37;    2.61;  27.6;  16.5;   9.2; 218.50;    9;    90.2;   22.1;eor
       5839;19970801;19970831;   10;  4.08;  19.80;   25.22;   14.99;    2.48;  31.9;  17.0;  11.9; 237.30;    9;    35.6;   10.3;eor
       5839;19970901;19970930;   10;  5.07;  13.55;   18.11;    9.27;    2.53;  23.8;  20.6;   1.9; 152.00;    9;    42.9;   18.7;eor
       5839;19971001;19971031;   10;  4.94;   8.49;   12.75;    5.13;    2.83;  19.4;  24.2;  -7.2; 116.20;    9;    92.4;   18.6;eor
       5839;19971101;19971130;   10;  6.13;   4.72;    7.07;    1.85;    3.45;  12.9;  20.6;  -5.1;  48.00;    9;    18.8;    4.5;eor
       5839;19971201;19971231;   10;  6.27;   3.81;    5.88;    1.47;    3.55;  11.7;  21.6;  -9.4;  37.20;    9;    69.3;   11.7;eor
       5839;19980101;19980131;   10;  6.07;   4.26;    6.63;    1.84;    3.44;  11.9;  24.7;  -8.1;  56.70;    9;    82.7;   13.3;eor
       5839;19980201;19980228;   10;  6.11;   6.04;    8.63;    3.58;    3.71;  15.1;  24.7;  -8.7;  60.60;    9;    26.2;    7.2;eor
       5839;19980301;19980331;   10;  6.19;   6.09;    9.82;    3.00;    3.54;  21.6;  22.1;  -4.9; 102.70;    9;    69.4;   15.9;eor
       5839;19980401;19980430;   10;  6.58;   8.62;   12.29;    5.40;    2.80;  20.3;  18.0;  -1.1;  89.40;    9;   120.3;   24.4;eor
       5839;19980501;19980531;   10;  4.63;  13.00;   18.13;    8.57;    2.94;  26.8;  14.9;   4.9; 229.20;    9;    29.7;    8.1;eor
       5839;19980601;19980630;   10;  6.10;  15.11;   19.71;   11.46;    2.78;  31.1;  17.5;   4.3; 142.60;    9;   163.1;   29.8;eor
       5839;19980701;19980731;   10;  5.87;  15.55;   19.16;   12.45;    3.16;  30.0;  17.5;   8.8; 153.30;    9;    99.5;   17.4;eor
       5839;19980801;19980831;   10;  5.18;  15.59;   20.05;   11.87;    2.89;  28.3;  16.5;   6.7; 174.90;    9;    86.2;   36.0;eor
       5839;19980901;19980930;   10;  6.01;  13.46;   17.20;   10.15;    2.78;  20.9;  17.0;   4.0;  82.30;    9;    83.3;   19.8;eor
       5839;19981001;19981031;   10;  6.19;   9.15;   11.61;    6.98;    3.81;  16.7;  23.7;   1.1;  68.10;    9;   144.7;   19.8;eor
       5839;19981101;19981130;   10;  5.89;   2.77;    5.25;    0.31;    2.59;  14.1;  22.1;  -9.5;  68.30;    9;    83.5;   15.8;eor
       5839;19981201;19981231;   10;  5.98;   3.01;    5.25;    0.64;    3.51;  11.3;  30.0; -10.6;  53.90;    9;    79.1;   15.9;eor
       5839;19990101;19990131;   10;  6.22;   4.37;    6.68;    1.98;    3.54;  13.0;  22.0;  -6.2;  47.00;    9;    61.1;    8.2;eor
       5839;19990201;19990228;   10;  5.97;   2.26;    4.80;   -0.56;    3.53;  10.4;  26.0; -14.5;  77.60;    9;    64.2;    7.7;eor
       5839;19990301;19990331;   10;  6.13;   6.05;    9.64;    2.84;    2.96;  18.0;  19.0;  -1.2;  95.40;    9;    51.2;   14.7;eor
       5839;19990401;19990430;   10;  4.49;   8.56;   13.26;    4.83;    3.09;  19.4;  18.0;  -2.0; 186.70;    9;    55.4;   14.4;eor
       5839;19990501;19990531;   10;  5.09;  12.43;   17.19;    7.74;    3.04;  25.3;  20.0;   1.9; 221.80;    9;    22.4;    6.9;eor
       5839;19990601;19990630;   10;  4.72;  14.07;   18.84;    8.99;    2.85;  25.3;  17.0;   4.2; 227.00;    9;    54.9;   11.6;eor
       5839;19990701;19990731;   10;  4.67;  18.04;   23.39;   13.11;    2.85;  30.7;  17.0;   9.3; 249.50;    9;    42.3;   23.6;eor
       5839;19990801;19990831;   10;  5.28;  16.75;   21.80;   12.71;    2.62;  30.2;  16.0;   5.8; 168.20;    9;    49.0;   17.0;eor
       5839;19990901;19990930;   10;  4.38;  17.05;   22.60;   12.76;    2.75;  30.1;  14.0;   8.5;-999;    9;    64.6;   20.3;eor
       5839;19991001;19991031;   10;  4.61;   9.95;   13.77;    7.16;    3.32;  16.8;  22.0;  -0.8; 124.50;    9;    46.5;    8.2;eor
       5839;19991101;19991130;   10;  5.51;   5.93;    8.94;    3.04;    3.02;  17.0;  20.0;  -3.8;  63.30;    9;    49.7;   10.6;eor
       5839;19991201;19991231;   10;  6.10;   4.16;    6.23;    1.98;    3.89;  11.2;  27.0;  -2.3;  44.40;    9;   157.6;   24.1;eor
       5839;20000101;20000131;   10;  6.50;   3.99;    5.83;    1.68;    3.64;  10.2;  25.0;  -7.5;  44.80;    9;    56.3;   17.6;eor
       5839;20000201;20000229;   10;  5.48;   5.09;    7.68;    2.81;    3.78;  11.5;  24.0;  -4.2;  88.00;    9;    60.7;    6.7;eor
       5839;20000301;20000331;   10;  6.82;   5.95;    8.69;    3.50;    3.66;  13.1;  24.0;  -0.5;  55.50;    9;    87.4;   25.3;eor
       5839;20000401;20000430;   10;  5.43;   8.83;   13.56;    4.05;    2.79;  22.1;  16.0;  -2.2; 157.10;    9;    41.4;    9.3;eor
       5839;20000501;20000531;   10;  4.66;  13.45;   18.51;    8.57;    2.94;  28.1;  22.0;   3.0;-999;    9;    60.0;   11.9;eor
       5839;20000601;20000630;   10;  5.48;  15.10;   19.20;   11.39;    3.22;  32.6;  16.0;   6.9;-999;    9;    69.2;   20.1;eor
       5839;20000701;20000731;   10;  6.92;  14.89;   18.24;   12.23;    2.93;  24.6;  19.0;   8.7;  86.30;    9;   110.2;   23.2;eor
       5839;20000801;20000831;   10;  5.05;  16.53;   20.97;   12.71;    2.27;  26.5;  15.0;   7.5; 186.70;    9;    75.8;   31.2;eor
       5839;20000901;20000930;   10;  5.69;  14.52;   18.30;   11.28;    2.89;  23.7;  16.0;   6.1; 118.50;    9;    68.7;   11.0;eor
       5839;20001001;20001031;   10;  5.77;  10.85;   14.31;    8.14;    3.28;  18.3;  24.0;   1.6;  78.90;    9;    80.6;   15.9;eor
       5839;20001101;20001130;   10;  5.56;   7.21;    9.34;    4.70;    3.53;  14.0;  21.0;   0.8;  62.20;    9;    40.2;    8.6;eor
       5839;20001201;20001231;   10;  5.42;   4.24;    6.18;    2.08;    3.42;  13.5;  24.0;  -8.3;  67.60;    9;    59.5;   14.5;eor
       5839;20010101;20010131;   10;  6.18;   1.93;    4.07;   -0.37;    2.77;  10.9;  18.0;  -8.8;  41.20;    9;    37.9;   11.0;eor
       5839;20010201;20010228;   10;  6.24;   2.81;    5.65;   -0.07;    3.29;  12.1;  21.0;  -6.7;  58.10;    9;    47.3;    7.1;eor
       5839;20010301;20010331;   10;  6.14;   3.44;    6.26;    0.77;    3.05;  13.7;  19.0;  -5.1;  76.10;    9;    35.6;   13.1;eor
       5839;20010401;20010430;   10;  5.50;   7.40;   11.45;    3.22;    3.03;  20.3;  20.2;  -2.0; 138.50;    9;    45.9;    4.9;eor
       5839;20010501;20010531;   10;  3.95;  12.08;   17.23;    6.71;    2.93;  23.6;  20.4;   2.9; 284.40;    9;    39.8;   14.5;eor
       5839;20010601;20010630;   10;  5.68;  13.66;   18.06;    9.23;    2.83;  25.2;  20.6;   3.5; 175.30;    9;   137.4;   32.9;eor
       5839;20010701;20010731;   10;  4.47;  17.80;   22.32;   13.16;    2.71;  29.7;  24.7;   8.1; 235.70;    9;   100.8;   25.7;eor
       5839;20010801;20010831;   10;  4.83;  18.03;   22.39;   13.51;    2.71;  31.7;  16.2;   9.4; 198.20;    9;    80.4;   14.1;eor
       5839;20010901;20010930;   10;  6.39;  13.03;   16.31;    9.84;    2.97;  19.7;  25.8;   5.3;  81.20;    9;   203.4;   26.8;eor
       5839;20011001;20011031;   10;  5.42;  13.62;   16.57;   10.71;    3.19;  21.1;  20.2;   6.4;  97.40;    9;    53.9;   12.6;eor
       5839;20011101;20011130;   10;  6.28;   7.04;    9.34;    4.30;    3.03;  12.8;  25.3;  -2.0;  47.50;    9;   100.6;   18.8;eor
       5839;20011201;20011231;   10;  5.61;   2.34;    5.18;   -1.11;    2.94;  12.5;  25.9; -10.4;  65.40;    9;   102.8;   15.2;eor
       5839;20020101;20020131;   10;  6.04;   3.90;    5.95;    1.77;    3.55;  12.5;  27.1;  -8.2;  44.60;    9;    55.9;   12.3;eor
       5839;20020201;20020228;   10;  5.31;   6.03;    9.09;    3.25;    4.21;  14.2;  30.0;  -5.4;  91.70;    9;   111.1;   16.2;eor
       5839;20020301;20020331;   10;  5.34;   6.08;   10.05;    2.03;    3.28;  17.0;  24.8;  -4.9; 142.50;    9;    27.1;    6.8;eor
       5839;20020401;20020430;   10;  5.13;   8.40;   13.00;    3.78;    2.90;  20.1;  20.1;  -3.4; 160.20;    9;    48.7;   16.1;eor
       5839;20020501;20020531;   10;  5.55;  13.05;   17.48;    8.16;    2.87;  24.4;  19.0;   3.1; 178.80;    9;    55.3;   13.9;eor
       5839;20020601;20020630;   10;  5.78;  16.33;   20.66;   12.35;    3.00;  33.6;  18.7;   5.2; 178.80;    9;    75.2;   11.9;eor
       5839;20020701;20020731;   10;  5.38;  17.38;   21.44;   13.29;    2.90;  31.7;  18.5;   9.7; 170.50;    9;    78.5;   15.0;eor
       5839;20020801;20020831;   10;  4.91;  19.54;   24.12;   15.35;    2.32;  29.9;  15.3;  11.2; 192.30;    9;    76.2;   19.2;eor
       5839;20020901;20020930;   10;  4.71;  15.25;   19.52;   11.07;    2.47;  26.7;  14.5;   4.7; 173.80;    9;    50.0;   22.3;eor
       5839;20021001;20021031;   10;  5.39;   8.41;   12.40;    4.77;    3.32;  18.6;  30.4;  -0.7; 116.50;    9;   105.4;   24.1;eor
       5839;20021101;20021130;   10;  6.49;   5.90;    8.27;    2.99;    2.67;  12.3;  15.4;  -2.1;  32.40;    9;    67.1;   12.6;eor
       5839;20021201;20021231;   10;  5.92;   0.42;    2.30;   -1.71;    3.32;   9.9;  15.1;  -9.8;  42.70;    9;    62.6;   13.7;eor
       5839;20030101;20030131;   10;  6.14;   1.60;    4.10;   -1.48;    3.42;  10.6;  21.0; -15.1;  42.50;    9;    64.5;   17.1;eor
       5839;20030201;20030228;   10;  4.49;  -0.35;    3.74;   -3.87;    2.82;  11.3;  15.2;  -9.6; 114.40;    9;    13.1;    6.2;eor
       5839;20030301;20030331;   10;  4.37;   5.65;   10.76;    0.94;    2.77;  19.9;  16.1;  -5.7; 166.80;    9;    32.9;   17.3;eor
       5839;20030401;20030430;   10;  3.73;   8.70;   14.26;    2.92;    3.33;  22.6;  19.5;  -6.5; 215.70;    9;    42.7;   25.2;eor
       5839;20030501;20030531;   10;  5.22;  12.71;   17.23;    8.32;    2.71;  24.0;  19.8;   0.8; 205.60;    9;    99.0;   16.9;eor
       5839;20030601;20030630;   10;  4.64;  17.25;   22.31;   11.88;    2.63;  29.5;  26.8;   7.4; 241.00;    9;    72.5;   20.6;eor
       5839;20030701;20030731;   10;  4.65;  18.48;   23.02;   13.95;    2.71;  32.1;  17.9;   9.9; 224.00;    9;    40.3;   11.3;eor
       5839;20030801;20030831;   10;  3.97;  19.11;   24.35;   14.22;    2.61;  33.9;  16.4;   8.4; 237.60;    9;    42.5;   16.5;eor
       5839;20030901;20030930;   10;  4.09;  14.16;   19.16;    9.17;    2.33;  26.6;  21.0;   3.3; 201.20;    9;   101.7;   49.4;eor
       5839;20031001;20031031;   10;  4.12;   6.53;   11.10;    1.98;    2.71;  17.9;  19.5;  -5.5; 158.00;    9;    66.8;   16.4;eor
       5839;20031101;20031130;   10;  6.13;   7.18;    9.61;    4.68;    3.10;  13.3;  15.9;  -1.8;  52.70;    9;    51.6;   18.7;eor
       5839;20031201;20031231;   10;  5.39;   3.70;    6.35;    1.23;    3.26;  11.5;  27.8;  -7.3;  59.90;    9;    78.0;   22.9;eor
       5839;20040101;20040131;   10;  6.76;   2.57;    4.62;    0.46;    3.29;  10.5;  28.3;  -5.2;  40.90;    9;   108.7;   18.2;eor
       5839;20040201;20040229;   10;  5.61;   4.11;    6.72;    1.43;    3.28;  14.9;  24.7;  -7.3;  77.60;    9;    72.7;   14.3;eor
       5839;20040301;20040331;   10;  5.16;   5.22;    8.84;    1.65;    3.23;  18.8;  27.2;  -4.0; 134.00;    9;    35.3;    7.9;eor
       5839;20040401;20040430;   10;  5.06;   9.56;   14.33;    4.74;    2.97;  21.5;  16.1;  -1.5; 192.10;    9;    32.8;    7.7;eor
       5839;20040501;20040531;   10;  5.55;  11.81;   16.04;    7.70;    2.90;  24.6;  20.9;   2.8; 191.80;    9;    33.9;   17.3;eor
       5839;20040601;20040630;   10;  5.80;  15.09;   19.16;   11.37;    3.08;  24.5;  19.8;   7.7; 172.10;    9;    69.9;   23.4;eor
       5839;20040701;20040731;   10;  5.32;  16.12;   20.35;   12.07;    2.84;  28.0;  17.6;   6.7; 191.10;    9;    92.2;   13.0;eor
       5839;20040801;20040831;   10;  4.55;  18.49;   22.94;   14.17;    2.90;  30.6;  23.0;   9.2; 190.90;    9;   106.1;   27.2;eor
       5839;20040901;20040930;   10;  4.75;  14.71;   18.99;   10.68;    3.17;  26.6;  23.4;   6.8; 173.90;    9;    93.1;   38.4;eor
       5839;20041001;20041031;   10;  5.00;  10.61;   14.07;    7.31;    3.13;  18.3;  21.3;   1.4; 110.20;    9;    66.6;   15.6;eor
       5839;20041101;20041130;   10;  6.03;   6.18;    8.78;    3.23;    2.83;  12.4;  26.1;  -2.9;  67.20;    9;    82.8;   11.2;eor
       5839;20041201;20041231;   10;  6.28;   3.30;    5.53;    0.56;    3.00;  10.3;  24.6;  -5.4;  49.50;    9;    43.0;    7.7;eor
       5839;20050101;20050131;   10;  5.67;   4.61;    6.69;    2.29;    3.97;  13.3;  29.1;  -4.1;  61.70;    9;    48.9;    7.0;eor
       5839;20050201;20050228;   10;  5.76;   1.52;    3.93;   -0.78;    3.32;   9.8;  29.9;  -7.9;  68.20;    9;    45.1;   13.8;eor
       5839;20050301;20050331;   10;  5.73;   4.49;    8.00;    0.35;    3.40;  19.3;  22.7; -17.1; 115.20;    9;    45.7;    9.1;eor
       5839;20050401;20050430;   10;  4.17;   9.52;   14.68;    4.37;    2.93;  21.0;  26.0;  -1.4; 221.00;    9;    55.0;   12.1;eor
       5839;20050501;20050531;   10;  4.94;  11.97;   16.44;    7.26;    2.90;  28.6;  14.8;   2.2; 194.20;    9;    66.9;   11.2;eor
       5839;20050601;20050630;   10;  5.10;  15.10;   19.53;   10.12;    2.77;  30.9;  18.0;   5.0; 242.40;    9;    48.7;   14.5;eor
       5839;20050701;20050731;   10;  5.91;  17.57;   21.77;   13.68;    2.68;  29.1;  20.7;   8.3; 158.40;    9;    94.1;   12.8;eor
       5839;20050801;20050831;   10;  5.48;  15.89;   19.53;   12.38;    2.84;  27.7;  15.0;   8.9; 135.20;    9;    86.3;   11.7;eor
       5839;20050901;20050930;   10;  4.02;  15.32;   20.37;   10.59;    2.50;  28.4;  17.8;   5.1; 205.60;    9;    58.4;   18.8;eor
       5839;20051001;20051031;   10;  3.85;  12.31;   17.00;    8.35;    2.90;  20.7;  17.9;   3.9; 175.60;    9;    47.1;   26.3;eor
       5839;20051101;20051130;   10;  5.86;   6.87;    9.46;    4.42;    2.97;  17.5;  16.5;  -4.1;  56.50;    9;    88.8;   18.3;eor
       5839;20051201;20051231;   10;  6.47;   3.84;    5.75;    1.54;    3.23;   9.3;  26.6;  -6.2;  41.30;    9;    57.2;    6.9;eor
       5839;20060101;20060131;   10;  5.93;   0.34;    2.95;   -2.36;    3.10;   8.2;  17.2;  -9.9;  64.70;    9;    24.9;    9.5;eor
       5839;20060201;20060228;   10;  6.70;   1.94;    4.14;   -0.45;    2.93;   8.6;  22.8;  -5.9;  35.10;    9;    23.7;    7.8;eor
       5839;20060301;20060331;   10;  5.40;   2.21;    5.52;   -1.18;    3.23;  16.4;  21.4;  -9.1; 114.50;    9;    57.7;   12.7;eor
       5839;20060401;20060430;   10;  5.66;   7.93;   11.62;    4.35;    3.10;  22.0;  17.4;   0.3; 124.00;    9;    57.3;   13.0;eor
       5839;20060501;20060531;   10;  4.82;  12.99;   17.85;    8.13;    3.19;  24.7;  17.7;   0.9; 200.10;    9;    63.2;   10.8;eor
       5839;20060601;20060630;   10;  4.56;  15.59;   20.79;    9.88;    2.67;  31.8;  15.8;   4.0; 239.10;    9;    10.9;    4.4;eor
       5839;20060701;20060731;   10;  3.61;  20.60;   26.94;   13.75;    2.23;  33.2;  13.2;   8.3; 317.10;    9;    70.5;   22.9;eor
       5839;20060801;20060831;   10;  5.90;  16.37;   20.51;   12.97;    2.58;  24.5;  14.8;   7.2; 122.50;    9;   187.7;   28.6;eor
       5839;20060901;20060930;   10;  4.34;  17.45;   22.32;   12.85;    2.63;  28.0;  15.7;   7.6; 178.00;    9;    20.4;    7.8;eor
       5839;20061001;20061031;   10;  5.97;  13.29;   16.35;   10.11;    3.03;  20.3;  20.2;   4.5;  84.60;    9;    94.6;   14.7;eor
       5839;20061101;20061130;   10;  5.52;   8.95;   11.29;    6.30;    3.40;  16.6;  29.5;   1.7;  47.50;    9;    68.5;   11.3;eor
       5839;20061201;20061231;   10;  6.62;   7.06;    8.85;    5.14;    3.35;  14.0;  23.3;   0.3;  28.60;    9;    52.8;    8.8;eor
       5839;20070101;20070131;   10;  6.17;   6.45;    8.69;    3.93;    4.06;  13.7;  31.4;  -5.9;  40.90;    9;   120.6;   24.5;eor
       5839;20070201;20070228;   10;  6.71;   4.76;    7.21;    2.38;    3.21;  10.8;  15.0;  -3.4;  30.00;    9;    81.5;   18.9;eor
       5839;20070301;20070331;   10;  4.52;   7.45;   11.52;    3.35;    3.35;  16.8;  22.7;  -0.2; 174.50;    9;    59.2;   15.9;eor
       5839;20070401;20070430;   10;  4.03;  10.69;   16.48;    4.91;    2.87;  25.0;  17.9;  -0.6; 251.60;    9;     3.4;    1.5;eor
       5839;20070501;20070531;   10;  5.03;  12.10;   16.57;    7.22;    2.61;  21.8;  16.4;   1.3; 202.50;    9;   107.2;   18.7;eor
       5839;20070601;20070630;   10;  5.48;  16.74;   21.36;   12.16;    2.53;  30.2;  22.6;   9.1; 157.90;    9;   127.5;   21.1;eor
       5839;20070701;20070731;   10;  5.65;  16.60;   20.36;   13.05;    2.94;  28.4;  24.8;  10.2; 161.50;    9;   142.5;   22.0;eor
       5839;20070801;20070831;   10;  5.25;  16.81;   21.00;   12.74;    2.68;  29.5;  14.8;   8.7; 170.10;    9;    73.7;   10.5;eor
       5839;20070901;20070930;   10;  5.90;  13.87;   16.96;   10.92;    3.07;  21.5;  17.9;   5.7; 111.20;    9;    74.6;   10.5;eor
       5839;20071001;20071031;   10;  5.37;   9.30;   12.97;    5.04;    2.42;  18.2;  15.9;  -2.8; 109.50;    9;    29.5;   16.3;eor
       5839;20071101;20071130;   10;  6.31;   6.56;    8.77;    3.96;    3.30;  13.7;  24.0;  -1.8;  34.00;    9;    72.5;   14.5;eor
       5839;20071201;20071231;   10;  6.18;   3.72;    5.71;    1.52;    3.06;  12.6;  23.4;  -5.1;  36.50;    9;    62.6;   16.1;eor
       5839;20080101;20080131;   10;  6.49;   5.50;    7.56;    3.18;    3.90;  12.3;  23.6;  -2.7;  14.50;    9;   108.9;   35.1;eor
       5839;20080201;20080229;   10;  5.27;   4.67;    7.90;    1.36;    3.10;  12.4;  22.8;  -5.9;  84.00;    9;    52.7;   27.5;eor
       5839;20080301;20080331;   10;  5.87;   5.16;    8.10;    1.91;    3.74;  14.0;  25.9;  -5.2;  98.40;    9;    87.6;   14.1;eor
       5839;20080401;20080430;   10;  4.77;   7.81;   12.32;    3.00;    2.80;  20.5;  16.2;  -4.5; 171.00;    9;    29.2;    6.8;eor
       5839;20080501;20080531;   10;  3.27;  13.51;   19.46;    7.28;    2.65;  27.3;  15.2;   1.5; 292.90;    9;    10.1;    5.4;eor
       5839;20080601;20080630;   10;  4.98;  16.20;   21.46;   11.17;    2.73;  28.6;  22.9;   5.9; 242.10;    9;    46.6;   12.4;eor
       5839;20080701;20080731;   10;  5.55;  17.85;   22.47;   13.53;    2.84;  32.4;  16.0;  10.0; 183.90;    9;   152.8;   54.2;eor
       5839;20080801;20080831;   10;  5.80;  17.00;   21.00;   13.38;    2.84;  27.3;  18.1;   6.7; 134.90;    9;   117.1;   20.7;eor
       5839;20080901;20080930;   10;  5.17;  13.35;   17.73;    9.04;    2.60;  25.1;  20.1;   2.7; 113.70;    9;    66.9;   21.0;eor
       5839;20081001;20081031;   10;  5.74;  10.06;   13.14;    7.10;    2.97;  18.7;  18.1;  -2.0;  87.60;    9;    96.1;   26.3;eor
       5839;20081101;20081130;   10;  6.57;   6.72;    8.79;    4.43;    3.17;  14.1;  23.8;  -2.9;  34.10;    9;    88.7;   36.3;eor
       5839;20081201;20081231;   10;  5.15;   1.89;    4.28;   -0.70;    2.74;   9.8;  15.2; -10.2;  62.40;    9;    30.9;    7.3;eor
       5839;20090101;20090131;   10;  5.89;   0.65;    2.89;   -1.84;    2.97;   6.9;  17.6; -10.9;  44.40;    9;    39.4;    7.7;eor
       5839;20090201;20090228;   10;  6.73;   2.43;    4.69;    0.26;    2.96;   9.7;  17.2;  -3.7;  34.30;    9;    60.6;   11.8;eor
       5839;20090301;20090331;   10;  5.87;   5.46;    8.43;    2.32;    3.06;  11.4;  22.6;  -3.1;  99.60;    9;    66.0;    9.5;eor
       5839;20090401;20090430;   10;  3.51;  11.09;   17.15;    5.22;    2.60;  22.5;  16.2;  -0.1; 221.70;    9;     9.3;    4.8;eor
       5839;20090501;20090531;   10;  4.62;  12.53;   17.37;    7.41;    3.00;  23.4;  19.3;   2.8; 248.00;    9;    64.8;   16.4;eor
       5839;20090601;20090630;   10;  4.72;  14.45;   18.85;    9.78;    2.93;  26.0;  18.5;   1.3; 238.50;    9;    63.7;   17.4;eor
       5839;20090701;20090731;   10;  4.85;  17.51;   22.05;   13.25;    2.77;  30.6;  16.6;   8.9; 205.60;    9;   140.9;   39.5;eor
       5839;20090801;20090831;   10;  4.42;  17.99;   22.99;   13.07;    2.55;  33.6;  19.3;   7.2; 220.90;    9;    39.5;    9.9;eor
       5839;20090901;20090930;   10;  4.91;  14.68;   18.84;   10.63;    2.80;  25.9;  18.9;   3.9; 138.10;    9;    58.6;   21.9;eor
       5839;20091001;20091031;   10;  5.62;   9.30;   12.63;    5.76;    2.90;  17.9;-999;  -1.2;  98.00;    9;    56.6;    7.8;eor
       5839;20091101;20091130;   10;  6.28;   8.76;   10.84;    6.53;    3.27;  14.3;-999;   0.0;  30.10;    9;   101.2;   13.9;eor
       5839;20091201;20091231;   10;  6.50;   1.35;    3.50;   -1.63;    3.13;  11.0;  15.4;  -9.6;  41.00;    9;    63.2;   14.0;eor
       5839;20100101;20100131;   10;  6.94;  -2.31;   -0.37;   -4.99;    3.29;   4.3;  17.7; -13.1;  28.00;    9;    24.2;    6.1;eor
       5839;20100201;20100228;   10;  6.95;  -0.46;    1.66;   -2.93;    3.14;  10.5;  18.4; -10.1;  34.00;    9;    55.5;   13.1;eor
       5839;20100301;20100331;   10;  5.59;   5.12;    8.90;    1.26;    3.16;  20.7;  18.0;  -8.1; 129.10;    9;    40.2;    9.1;eor
       5839;20100401;20100430;   10;  4.44;   8.50;   13.50;    3.56;    3.03;  23.5;  18.6;  -1.3; 233.10;    9;    33.1;   11.2;eor
       5839;20100501;20100531;   10;  5.51;   9.56;   13.32;    5.86;    3.00;  20.9;  14.5;   1.8; 180.00;    9;    62.7;   17.1;eor
       5839;20100601;20100630;   10;  4.47;  14.90;   20.17;    9.15;    2.57;  29.2;  17.3;   3.7; 259.00;    9;    27.3;    6.5;eor
       5839;20100701;20100731;   10;  4.64;  19.54;   25.17;   13.95;    2.61;  33.9;  18.9;   8.6; 272.50;    9;   123.1;   33.0;eor
       5839;20100801;20100831;   10;  5.34;  16.47;   20.61;   12.04;    2.71;  26.3;  22.5;   6.2; 150.70;    9;    98.6;   15.3;eor
       5839;20100901;20100930;   10;  5.64;  13.11;   16.90;    9.31;    2.70;  22.0;  17.8;   2.0; 117.90;    9;   123.5;   16.3;eor
       5839;20101001;20101031;   10;  5.39;   9.81;   13.12;    6.42;    3.03;  21.7;  20.4;  -0.5; 102.10;    9;   119.3;   28.6;eor
       5839;20101101;20101130;   10;  6.47;   4.83;    6.80;    1.95;    2.83;  14.7;  21.0;  -6.5;  30.70;    9;    80.3;   11.9;eor
       5839;20101201;20101231;   10;  6.20;  -2.53;   -0.29;   -5.49;    3.00;   7.2;  21.2; -12.2;  41.30;    9;    37.3;    8.8;eor
       5839;20110101;20110131;   10;  5.90;   2.17;    4.23;   -0.14;    2.94;  11.9;  17.2;  -8.0;  45.20;    9;    39.4;    8.0;eor
       5839;20110201;20110228;   10;  6.74;   2.56;    5.03;    0.29;    3.68;  10.6;  23.0;  -8.7;  61.60;    9;    37.2;   10.9;eor
       5839;20110301;20110331;   10;  4.49;   4.57;    9.37;   -0.01;    2.77;  17.1;  15.9;  -5.9; 151.90;    9;    11.1;    5.0;eor
       5839;20110401;20110430;   10;  3.49;  11.33;   17.54;    5.08;    2.93;  24.3;  18.8;  -1.4; 247.40;    9;     5.9;    3.9;eor
       5839;20110501;20110531;   10;  4.74;  13.05;   18.30;    7.49;    3.03;  26.8;  18.7;  -2.9; 231.20;    9;    48.2;    8.9;eor
       5839;20110601;20110630;   10;  5.01;  15.52;   20.02;   10.35;    2.77;  31.0;  18.4;   4.5; 201.20;    9;    72.6;   12.8;eor
       5839;20110701;20110731;   10;  6.10;  15.58;   19.22;   12.08;    3.00;  24.0;  16.7;   8.8; 126.30;    9;    73.8;   23.2;eor
       5839;20110801;20110831;   10;  6.12;  16.50;   20.75;   12.37;    2.90;  27.7;  20.4;   7.9; 126.20;    9;   116.8;   19.1;eor
       5839;20110901;20110930;   10;  5.18;  15.07;   19.40;   10.90;    2.73;  27.0;  19.9;   5.5; 150.80;    9;    68.6;   27.1;eor
       5839;20111001;20111031;   10;  4.58;  10.53;   14.70;    6.36;    2.97;  24.7;  19.6;   0.3; 121.20;    9;    86.2;   17.2;eor
       5839;20111101;20111130;   10;  6.32;   5.56;    8.18;    2.79;    3.00;  18.0;  22.4;  -3.5;  49.10;    9;     4.0;    2.7;eor
       5839;20111201;20111231;   10;  6.66;   5.47;    7.43;    3.55;    3.68;  11.4;  25.4;   0.3;  25.90;    9;   165.9;   22.5;eor
       5839;20120101;20120131;    9;  6.21;   3.69;    5.84;    1.12;    3.68;  11.7;  28.6;  -8.0;  43.40;    9;   129.6;   31.3;eor
       5839;20120201;20120229;    9;  5.98;   0.20;    3.23;   -3.24;    3.10;  11.7;  18.7; -18.1;  75.90;    9;    17.6;    3.4;eor
       5839;20120301;20120331;    9;  5.83;   7.04;   10.80;    3.45;    2.94;  16.4;  18.3;  -0.6; 126.70;    9;    14.3;    6.8;eor
       5839;20120401;20120430;    9;  6.45;   7.44;   11.63;    3.42;    3.17;  20.8;  17.7;  -2.3; 112.60;    9;    50.6;    9.7;eor
       5839;20120501;20120531;    9;  5.85;  13.35;   17.98;    8.27;    2.71;  27.5;  17.7;   2.8; 206.30;    9;    30.4;   14.0;eor
       5839;20120601;20120630;    9;  6.57;  14.19;   17.97;    9.57;    3.00;  26.1;  18.1;   4.2; 151.40;    9;    61.6;   19.4;eor
       5839;20120701;20120731;    9;  5.66;  16.89;   21.39;   12.24;    2.87;  29.0;  19.4;   9.2; 223.50;    9;    76.2;   13.9;eor
       5839;20120801;20120831;    9;  5.80;  17.98;   22.93;   13.17;    2.61;  34.4;  14.6;   9.6; 205.20;    9;    85.5;   15.3;eor
       5839;20120901;20120930;    9;  6.33;  14.19;   17.92;   10.65;    2.93;  27.1;  21.1;   7.0; 128.80;    9;    57.2;    9.9;eor
       5839;20121001;20121031;    9;  6.45;  10.02;   13.18;    7.11;    2.87;  20.7;  17.1;  -0.7;  86.10;    9;    85.7;   17.2;eor
       5839;20121101;20121130;    9;  6.45;   6.29;    8.98;    3.25;    2.97;  12.0;  19.8;  -3.0;  61.70;    9;    43.6;    5.5;eor
       5839;20121201;20121231;    9;  6.99;   3.37;    5.74;    0.80;    3.23;  11.7;  18.7; -10.3;  35.60;    9;   101.1;   11.7;eor
       5839;20130101;20130131;    9;  6.76;   1.15;    3.29;   -1.37;    3.13;  11.7;  24.2; -11.0;  27.60;    9;    47.0;    9.8;eor
       5839;20130201;20130228;    9;  6.68;   0.93;    3.03;   -1.52;    2.96;   8.1;  20.1;  -5.8;  45.40;    9;    35.2;   10.4;eor
       5839;20130301;20130331;    9;  6.19;   0.40;    3.92;   -3.20;    3.52;  14.8;  21.4;  -7.7; 109.50;    9;    19.2;    9.8;eor
       5839;20130401;20130430;    9;  -999;   7.17;   12.13;    2.15;-999;  21.7;-999;  -5.5; 170.70;    9;    22.4;    8.5;eor
       5839;20130501;20130531;    9;  5.99;  11.09;   15.72;    6.14;    2.71;  23.6;  18.4;  -2.8; 153.10;    9;    91.6;   26.0;eor
       5839;20130601;20130630;    9;  -999;  14.33;   18.62;   10.11;    3.13;  27.7;  16.8;   6.1; 180.50;    9;    96.2;   36.6;eor
       5839;20130701;20130731;    9;  5.27;  17.97;   22.96;   12.96;    2.32;  31.2;  13.5;   7.3; 248.90;    9;    48.4;   12.7;eor
       5839;20130801;20130831;    9;  5.30;  17.74;   22.94;   12.31;    2.55;  34.1;  18.5;   7.8; 225.60;    9;    74.3;   23.1;eor
       5839;20130901;20130930;    9;  5.69;  13.81;   17.94;   10.21;    2.67;  30.4;  16.6;   2.1; 118.30;    9;   108.3;   25.8;eor
       5839;20131001;20131031;    9;  6.13;  11.85;   15.29;    8.37;    3.06;  21.1;  29.1;   4.1; 103.50;    9;    73.0;   10.0;eor
       5839;20131101;20131130;    9;  6.72;   6.69;    9.01;    4.15;    2.70;  14.0;  21.6;  -1.6;  65.00;    9;   105.1;   16.8;eor
       5839;20131201;20131231;    9;  6.80;   5.68;    7.76;    3.12;    3.39;  11.5;  30.8;  -1.4;  27.10;    9;    65.5;   12.8;eor
       5839;20140101;20140131;    9;  6.75;   3.36;    5.37;    1.18;    3.65;  12.3;  17.8;  -7.5;  50.90;    9;    73.0;   18.4;eor
       5839;20140201;20140228;    9;  6.13;   5.81;    8.78;    2.90;    3.46;  12.8;  25.4;  -1.4;  76.00;    9;    33.3;   10.5;eor
       5839;20140301;20140331;    9;  -999;   7.11;   12.35;    2.52;    2.94;  19.4;  19.2;  -2.3; 170.40;    9;    35.2;   13.7;eor
       5839;20140401;20140430;    9;  5.98;  10.86;   15.78;    6.05;    2.83;  21.1;  19.7;  -1.0; 158.20;    9;    51.5;    9.0;eor
       5839;20140501;20140531;    9;  5.86;  12.67;   16.76;    8.24;    2.68;  26.9;  17.4;   2.4; 183.00;    9;    74.8;   12.1;eor
       5839;20140601;20140630;    9;  5.86;  15.49;   19.77;   11.19;    2.70;  27.4;  17.7;   6.2; 198.00;    9;    36.7;   15.9;eor
       5839;20140701;20140731;    9;  4.90;  19.70;   24.90;   14.59;    2.55;  33.0;  19.3;  10.2; 243.50;    9;    93.8;   47.9;eor
       5839;20140801;20140831;    9;  5.16;  16.21;   20.85;   11.86;    2.58;  28.5;  17.3;   5.9; 195.30;    9;    90.0;   15.9;eor
       5839;20140901;20140930;    9;  4.84;  15.99;   20.37;   11.42;    2.57;  24.9;  16.8;   8.2; 160.70;    9;    15.7;    4.3;eor
       5839;20141001;20141031;    9;  6.40;  12.99;   16.06;    9.63;    2.68;  21.5;  20.0;   1.7;  72.50;    9;    69.0;   26.5;eor
       5839;20141101;20141130;    9;  6.51;   7.40;    9.78;    4.72;    2.93;  18.0;-999;  -2.8;  71.60;    9;    33.3;   16.0;eor
       5839;20141201;20141231;    9;  6.48;   4.19;    6.29;    1.74;    3.42;  12.4;  24.4;  -6.3;  37.80;    9;   102.7;   13.9;eor
       5839;20150101;20150131;    9;  6.66;   3.67;    5.83;    1.44;    3.35;  12.4;  24.7;  -6.6;  44.60;    9;    98.9;   15.5;eor
       5839;20150201;20150228;    9;  5.51;   2.96;    6.00;    0.40;    2.96;   9.8;  22.6;  -4.9;  93.70;    9;    47.8;   15.8;eor
       5839;20150301;20150331;    9;  6.02;   5.80;    9.57;    2.13;    3.23;  15.9;  28.9;  -3.1;-999;    9;    79.1;   14.4;eor
       5839;20150401;20150430;    9;  5.46;   7.78;   12.56;    3.15;    2.90;  19.1;  21.9;  -1.2; 217.40;    9;    30.9;   10.5;eor
       5839;20150501;20150531;    9;  6.37;  11.13;   15.44;    7.10;    2.94;  24.6;  19.9;   2.3; 155.40;    9;    72.1;   15.2;eor
       5839;20150601;20150630;    9;  5.22;  14.29;   18.83;    9.07;    2.80;  29.2;  17.1;   4.0; 213.50;    9;    38.9;    9.1;eor
       5839;20150701;20150731;    9;  5.66;  17.46;   22.15;   12.64;    2.71;  33.4;  21.2;   6.8; 184.70;    9;   114.0;   18.5;eor
       5839;20150801;20150831;    9;  5.67;  17.94;   23.08;   12.81;    2.48;  30.6;  17.5;   6.2; 199.40;    9;    91.0;   17.9;eor
       5839;20150901;20150930;    9;  5.35;  13.53;   17.48;   10.00;    2.67;  19.4;  17.6;   5.0; 126.60;    9;    79.6;   17.9;eor
       5839;20151001;20151031;    9;  -999;   9.58;   13.00;    5.88;-999;  18.5;-999;  -1.5;  93.00;    9;    25.8;    7.8;eor
       5839;20151101;20151130;    9;  6.80;   9.18;   11.51;    6.55;    3.30;  17.2;  25.4;  -1.2;  56.30;    9;   137.7;   20.5;eor
       5839;20151201;20151231;    9;  7.02;   8.86;   11.08;    6.70;    3.35;  14.2;  21.1;  -0.5;  47.90;    9;    46.3;   15.2;eor
       5839;20160101;20160131;    9;  6.94;   2.26;    4.57;   -0.24;    3.32;  12.3;  21.0; -10.3;  53.00;    9;    66.1;    9.6;eor
       5839;20160201;20160229;    9;  5.76;   3.88;    6.93;    1.17;    3.28;  11.7;  22.4;  -5.1;  86.50;    9;    70.3;   15.2;eor
       5839;20160301;20160331;    9;  6.06;   4.66;    8.47;    1.01;    2.81;  14.3;  23.0;  -5.5; 117.50;    9;    39.0;    9.9;eor
       5839;20160401;20160430;    9;  6.09;   7.60;   12.17;    3.34;    2.90;  19.5;  17.7;  -1.6; 149.30;    9;    69.9;   21.0;eor
       5839;20160501;20160531;    9;  5.58;  13.80;   18.80;    8.57;    2.87;  25.5;  17.2;   1.0; 231.50;    9;    39.0;   14.3;eor
       5839;20160601;20160630;    9;  6.48;  16.32;   20.64;   12.27;    2.47;  27.7;  13.7;   7.5; 151.30;    9;    99.4;   26.5;eor
       5839;20160701;20160731;    9;  6.21;  17.75;   21.88;   13.94;    2.65;  30.5;  15.4;  11.2; 180.30;    9;    68.0;   14.1;eor
       5839;20160801;20160831;    9;  5.24;  17.30;   21.75;   13.01;    2.52;  31.7;  18.6;   8.7; 187.00;    9;   102.4;   40.3;eor
       5839;20160901;20160930;    9;  4.73;  17.12;   22.32;   11.98;    2.30;  30.0;  14.8;   5.8; 213.60;    9;    31.5;   11.3;eor
       5839;20161001;20161031;    9;  6.41;   9.36;   12.97;    5.35;    2.45;  17.2;  12.7;  -1.6;  75.20;    9;    47.4;   15.8;eor
       5839;20161101;20161130;    9;  6.24;   4.76;    8.10;    1.09;    2.73;  13.3;  24.5;  -7.2;  56.60;    9;    41.4;    6.5;eor
       5839;20161201;20161231;    9;  6.45;   4.67;    7.07;    2.17;    2.77;  11.4;  20.8;  -8.8;  44.80;    9;    24.9;   14.5;eor
       5839;20170101;20170131;    9;  6.29;   0.98;    3.59;   -1.70;    2.65;   8.6;  24.3;  -8.8;  54.90;    9;    65.5;   13.2;eor
       5839;20170201;20170228;    9;  6.56;   3.50;    6.01;    1.26;    3.46;  11.6;  19.7;  -5.1;  51.50;    9;    58.8;   20.4;eor
       5839;20170301;20170331;    9;  6.31;   7.37;   11.71;    3.27;    2.87;  22.4;  20.1;  -1.9;-999;    9;    69.3;   21.0;eor
       5839;20170401;20170430;    9;  -999;   7.71;   12.14;    3.24;    2.97;  19.9;  17.0;  -3.8; 169.30;    9;    38.8;    6.5;eor
       5839;20170501;20170531;    9;  6.27;  13.68;   18.86;    8.45;    2.68;  28.7;  13.9;   1.6; 190.30;    9;    37.5;   16.8;eor
       5839;20170601;20170630;    9;  5.82;  16.54;   21.43;   11.53;    2.80;  30.1;  19.7;   5.7; 206.00;    9;    88.7;   19.9;eor
       5839;20170701;20170731;    9;  -999;  17.02;   21.57;   12.30;    2.42;  28.7;  16.5;   6.7; 176.00;    9;   109.0;   29.7;eor
       5839;20170801;20170831;    9;  5.83;  16.74;   21.45;   11.95;    2.42;  27.7;  16.4;   6.6; 191.90;    9;    61.7;   14.8;eor
       5839;20170901;20170930;    9;  6.00;  13.72;   17.70;    9.97;    2.43;  21.9;  25.1;   5.6; 118.40;    9;   136.4;   20.6;eor
       5839;20171001;20171031;    9;  -999;  12.71;   15.65;    9.92;    3.29;  21.2;  33.2;   6.3;  80.90;    9;    83.8;   12.4;eor
       5839;20171101;20171130;    9;  6.50;   7.00;    9.26;    4.30;    2.70;  13.9;  21.6;  -0.6;  41.20;    9;    88.6;   11.7;eor
       5839;20171201;20171231;    9;  7.08;   4.33;    6.16;    2.35;    3.03;  12.0;  18.6;  -2.6;  27.70;    9;   100.1;   14.4;eor
       5839;20180101;20180131;    9;  6.75;   4.11;    6.24;    1.95;    3.23;  13.0;  25.2;  -3.6;  35.10;    9;   115.0;   14.4;eor
       5839;20180201;20180228;    9;  -999;  -0.39;    3.06;   -3.54;    2.79;   6.4;  17.0;  -9.7; 125.40;    9;     7.5;    2.1;eor
       5839;20180301;20180331;    9;  -999;   2.89;    7.01;   -1.14;    3.23;  13.6;  22.5;  -9.4; 123.30;    9;    43.9;   18.8;eor
       5839;20180401;20180430;    9;  5.80;  11.01;   16.27;    5.78;    2.80;  26.9;  18.5;  -1.8; 168.40;    9;    78.3;   17.1;eor
       5839;20180501;20180531;    9;  3.68;  16.13;   22.17;    9.80;    2.74;  30.6;  17.4;   0.7; 309.30;    9;    58.8;   41.3;eor
       5839;20180601;20180630;    9;  5.90;  16.63;   20.93;   12.59;    2.67;  28.2;  18.2;   7.3; 180.30;    9;    35.7;   14.7;eor
       5839;20180701;20180731;    9;  3.85;  19.30;   25.26;   12.68;    2.55;  34.6;  17.3;   6.7; 311.30;    9;     2.5;    1.4;eor
       5839;20180801;20180831;    9;  -999;  18.38;   23.98;   12.98;    2.52;  35.2;  19.3;   9.5; 193.10;    9;    63.8;   14.5;eor
       5839;20180901;20180930;    9;  -999;  15.14;   19.77;   10.51;    2.53;  27.6;  17.6;   5.8; 171.20;    9;    31.8;    7.7;eor
       5839;20181001;20181031;    9;  5.65;  11.86;   16.38;    7.29;    2.71;  27.0;  16.7;  -2.2; 156.30;    9;    33.8;    8.5;eor
       5839;20181101;20181130;    9;  6.09;   6.00;    8.92;    2.31;    2.90;  15.7;  17.5;  -2.8;  80.00;    9;    31.0;   10.4;eor
       5839;20181201;20181231;    9;  7.11;   5.81;    7.64;    3.61;    3.00;  12.4;  20.6;  -1.9;  23.10;    9;   101.8;   23.8;eor
       5839;20190101;20190131;    9;  6.64;   2.91;    5.01;    0.22;    3.13;   9.0;  23.8;  -8.2;  40.80;    9;    66.5;    9.2;eor
       5839;20190201;20190228;    9;  5.30;   5.55;    9.48;    1.82;    2.68;  17.3;  20.6;  -3.5; 107.90;    9;    29.2;   12.0;eor
       5839;20190301;20190331;    9;  6.14;   7.17;   10.53;    4.02;    3.26;  18.1;  23.4;  -0.3;  92.50;    9;   120.0;   15.7;eor
       5839;20190401;20190430;    9;  3.60;   9.43;   14.81;    3.89;    2.87;  24.6;  16.9;  -2.4; 237.60;    9;    38.7;   16.3;eor
       5839;20190501;20190531;    9;  5.53;  10.98;   15.60;    6.02;    2.65;  23.8;  14.1;   1.1; 177.80;    9;    33.3;    8.8;eor
       5839;20190601;20190630;    9;  5.18;  17.65;   22.83;   11.54;    2.53;  33.4;  20.5;   6.9; 258.70;    9;    83.9;   18.1;eor
       5839;20190701;20190731;    9;  5.88;  18.09;   22.88;   13.25;    2.71;  36.2;  15.0;   8.1; 175.80;    9;    35.0;   15.8;eor
       5839;20190801;20190831;    9;  4.71;  18.54;   23.97;   13.34;    2.42;  32.5;  18.3;   9.2; 221.60;    9;    60.3;   11.0;eor
       5839;20190901;20190930;    9;  5.87;  14.39;   18.41;   10.37;    2.70;  25.2;  19.0;   3.9; 133.30;    9;   167.1;   42.9;eor
       5839;20191001;20191031;    9;  6.05;  10.95;   14.19;    7.94;    2.74;  19.8;  17.1;  -3.5;  90.70;    9;    88.5;   12.1;eor
       5839;20191101;20191130;    9;  6.82;   5.98;    8.45;    3.21;    2.87;  14.8;  16.5;  -1.7;  39.00;    9;    81.2;   14.2;eor
       5839;20191201;20191231;    9;  6.55;   5.51;    7.70;    3.19;    2.94;  13.2;  19.7;  -2.7;  51.80;    9;    42.9;    8.8;eor
       5839;20200101;20200131;    9;  6.96;   5.67;    7.88;    3.30;    3.13;  12.0;  18.9;  -1.1;  20.00;    9;    73.3;   13.6;eor
       5839;20200201;20200229;    9;  6.62;   6.29;    8.61;    3.68;    3.69;  13.6;  26.1;  -1.0;  47.60;    9;   140.2;   24.8;eor
       5839;20200301;20200331;    9;  4.66;   5.93;    9.83;    1.76;    3.32;  13.5;  25.0;  -2.5; 171.70;    9;    36.9;    9.8;eor
       5839;20200401;20200430;    9;  3.59;   9.39;   15.36;    3.69;    2.83;  23.5;  16.7;  -1.0; 270.80;    9;    10.1;    4.1;eor
       5839;20200501;20200531;    9;  4.47;  11.54;   16.66;    6.46;    2.71;  24.0;  17.3;   0.0; 244.20;    9;    31.3;   12.7;eor
       5839;20200601;20200630;    9;  5.20;  16.71;   21.28;   11.74;    2.40;  28.7;  17.4;   7.6; 205.70;    9;    73.5;   15.0;eor
       5839;20200701;20200731;    9;  5.93;  16.18;   20.29;   11.63;    2.52;  26.7;  16.8;   7.4; 158.60;    9;    66.0;   24.0;eor
       5839;20200801;20200831;    9;  4.87;  19.82;   25.04;   14.66;    2.45;  32.9;  18.6;   9.3; 207.30;    9;    91.6;   18.7;eor
       5839;20200901;20200930;    9;  -999;  14.53;   19.51;    9.57;    2.33;  30.0;  15.7;   3.8; 185.90;    9;    59.3;   15.4;eor
       5839;20201001;20201031;    9;  6.48;  11.03;   14.19;    8.17;    2.87;  18.2;  18.2;   2.2;  72.10;    9;   107.4;   25.1;eor
       5839;20201101;20201130;    9;  6.00;   8.14;   10.97;    5.22;    2.87;  19.3;  17.5;  -2.9;  69.50;    9;    41.1;   11.4;eor
       5839;20201201;20201231;    9;  7.19;   4.89;    6.66;    2.67;    2.94;  12.1;  21.6;  -1.7;  20.80;    9;   100.1;   24.8;eor
       5839;20210101;20210131;    9;  6.89;   2.17;    4.39;   -0.01;    2.81;  11.2;  20.8;  -9.6;  52.00;    9;    72.4;   12.3;eor
       5839;20210201;20210228;    9;  6.22;   2.61;    5.82;   -0.56;    2.93;  16.8;  20.4; -12.7;  77.70;    9;    30.6;    6.3;eor
       5839;20210301;20210331;    9;  5.96;   5.73;    9.67;    2.20;    2.94;  22.9;  22.2;  -3.3; 108.20;    9;    65.4;   18.3;eor
       5839;20210401;20210430;    9;  4.57;   5.98;   10.40;    1.81;    2.93;  17.7;  19.8;  -1.8; 191.70;    9;    54.9;   18.1;eor
       5839;20210501;20210531;    9;  6.40;  10.48;   14.45;    6.65;    2.71;  23.9;  21.2;   1.5; 139.60;    9;   108.6;   14.9;eor
       5839;20210601;20210630;    9;  5.17;  17.17;   22.18;   11.86;    2.33;  34.1;  15.1;   6.8; 234.90;    9;    63.8;   24.3;eor
       5839;20210701;20210731;    9;  5.90;  18.15;   22.29;   14.09;    2.45;  25.7;  16.5;   9.1; 165.00;    9;    71.3;   12.4;eor
       5839;20210801;20210831;    9;  6.05;  16.85;   20.94;   13.09;    2.68;  24.9;  17.7;   9.6; 156.60;    9;    75.7;   14.1;eor
       5839;20210901;20210930;    9;  5.61;  15.69;   20.18;   11.16;    2.27;  26.9;  14.9;   5.7; 134.80;    9;    51.8;   22.9;eor
       5839;20211001;20211031;    9;  6.04;  11.46;   14.71;    8.22;    2.77;  17.6;  19.6;   1.2; 103.80;    9;   110.7;   15.8;eor
       5839;20211101;20211130;    9;  6.64;   7.46;    9.61;    5.37;    2.43;  14.1;  15.1;  -0.6;  43.20;    9;    52.7;    6.5;eor
       5839;20211201;20211231;    9;  6.34;   4.01;    6.39;    1.22;    2.71;  13.1;  22.1; -10.0;  49.50;    9;    59.5;   13.7;eor
       5839;20220101;20220131;    9;  6.72;   5.32;    7.32;    3.21;    3.10;  12.4;  25.1;  -1.7;  38.10;    9;    70.1;   13.1;eor
       5839;20220201;20220228;    9;  5.77;   5.93;    8.63;    3.03;    3.86;  12.2;  28.2;  -1.9;  71.80;    9;   149.0;   31.2;eor
       5839;20220301;20220331;    9;  3.19;   5.67;   11.47;    0.30;    2.61;  19.3;  18.8;  -5.1; 227.70;    9;    22.9;   10.4;eor
       5839;20220401;20220430;    9;  -999;   8.12;   12.73;    3.35;-999;  18.4;-999;  -1.4; 205.00;    9;    52.4;   12.0;eor
       5839;20220501;20220531;    9;  5.61;  12.95;   18.28;    7.37;    2.58;  27.4;  17.1;  -0.2; 197.00;    9;    60.8;   15.3;eor
       5839;20220601;20220630;    9;  4.58;  16.13;   21.23;   10.44;    2.40;  29.8;  28.4;   4.4; 255.10;    9;    54.3;   11.0;eor
       5839;20220701;20220731;    9;  -999;  17.67;   22.25;   12.95;    2.55;  34.0;  16.3;   8.8; 177.00;    9;    58.2;   17.4;eor
       5839;20220801;20220831;    9;  3.74;  19.08;   25.08;   12.74;    2.16;  30.5;  15.7;   8.1; 269.10;    3;    71.4;   60.6;eor
       5839;20220901;20220930;    9;  5.29;  14.20;   18.96;    9.49;    2.50;  27.7;  18.2;   1.6; 171.20;    3;   131.6;   18.8;eor
       5839;20221001;20221031;    9;  5.79;  12.87;   16.55;    9.02;    2.52;  19.8;  16.1;   2.1; 125.60;    3;    35.1;    5.8;eor
       5839;20221101;20221130;    9;  6.40;   7.76;   10.22;    5.24;    3.03;  16.0;  20.9;  -3.9;  61.80;    3;    76.8;   11.5;eor
       5839;20221201;20221231;    9;  6.40;   3.28;    5.55;    0.56;    2.61;  14.7;  17.3;  -9.2;  44.30;    3;    66.4;   16.2;eor
       5839;20230101;20230131;    9;  6.49;   5.39;    7.32;    3.22;    3.16;  14.5;  19.0;  -2.9;  47.50;    3;   100.6;   15.0;eor
       5839;20230201;20230228;    9;  5.90;   5.24;    8.42;    1.84;    2.82;  12.4;  26.8;  -5.4;  87.00;    3;    34.7;   11.3;eor
       5839;20230301;20230331;    9;  6.48;   6.24;    9.73;    3.18;    3.13;  15.9;  22.2;  -5.6; 102.20;    3;   114.7;   24.2;eor
       5839;20230401;20230430;    3;  -999;   8.11;   12.82;    3.11;-999;  21.1;-999;  -3.1; 184.60;    3;    63.9;   15.3;eor
       5839;20230501;20230531;    3;  5.53;  12.07;   16.95;    7.55;    2.71;  23.2;  14.8;   3.1; 205.43;    3;    39.5;   18.8;eor
       5839;20230601;20230630;    3;  3.38;  17.65;   23.20;   11.34;    2.57;  30.1;  14.0;   5.7; 322.15;    3;    14.7;   10.5;eor
       5839;20230701;20230731;    3;  5.85;  17.68;   22.15;   13.67;    2.68;  32.5;  24.3;   9.9; 191.90;    3;   187.9;   24.6;eor
       5839;20230801;20230831;    3;  5.38;  17.32;   22.05;   12.74;    2.35;  28.1;  19.5;   8.8; 175.18;    3;   120.7;   48.0;eor
       5839;20230901;20230930;    3;  5.33;  17.11;   22.46;   11.97;    2.20;  29.8;  18.1;   6.6; 206.71;    3;    35.8;   12.8;eor
       5839;20231001;20231031;    3;  6.98;  12.33;   15.04;    9.54;    3.03;  21.3;  19.5;   1.0;  66.10;    3;   164.6;   27.8;eor
       5839;20231101;20231130;    3;  -999;   7.07;    9.56;    4.37;-999;  14.3;-999;  -4.2;  35.75;-999;-999;-999;eor
       5839;20231201;20231231;    3;  7.35;   5.71;    7.51;    3.86;    3.10;  12.8;  29.3;  -6.1;  19.23;    3;   136.9;   19.8;eor
